10	213.49	0	5.36359	6.93599e-310
10	186.098	0	5.22627	6.93599e-310
10	104.003	0	4.64442	6.93599e-310
10	94.9075	4.94201	4.5529	6.93599e-310
10	146.044	0	4.98391	6.93599e-310
10	76.4851	22.8199	4.3371	6.93599e-310
10	136.054	0	4.91306	6.93599e-310
10	142.656	0	4.96044	6.93599e-310
10	71.0699	28.0751	4.26366	6.93599e-310
10	175.066	0	5.16516	6.93599e-310
10	81.0385	18.4011	4.39492	6.93599e-310
10	134.424	0	4.901	6.93599e-310
10	88.128	11.5212	4.47879	6.93599e-310
10	125.307	0	4.83077	6.93599e-310
10	109.843	0	4.69905	6.93599e-310
10	166.245	0	5.11346	6.93599e-310
10	56.3484	42.3615	4.03155	6.93599e-310
10	63.3418	35.5748	4.14854	6.93599e-310
10	103.979	0	4.64419	6.93599e-310
10	126.252	0	4.83828	6.93599e-310
10	50.9118	47.6374	3.9301	6.93599e-310
10	24.5785	73.1924	3.20187	6.93599e-310
10	95.7526	4.12189	4.56177	6.93599e-310
10	132.684	0	4.88797	6.93599e-310
10	121.507	0	4.79997	6.93599e-310
10	172.021	0	5.14762	6.93599e-310
10	112.289	0	4.72108	6.93599e-310
10	148.185	0	4.99846	6.93599e-310
10	68.8165	30.2619	4.23144	6.93599e-310
10	109.501	0	4.69593	6.93599e-310
10	108.176	0	4.68376	6.93599e-310
10	102.583	0	4.63067	6.93599e-310
10	56.7996	41.9237	4.03953	6.93599e-310
10	141.371	0	4.95139	6.93599e-310
10	146.502	0	4.98704	6.93599e-310
10	213.305	0	5.36272	6.93599e-310
10	65.2858	33.6882	4.17877	6.93599e-310
10	117.963	0	4.77037	6.93599e-310
10	84.3764	15.1619	4.43529	6.93599e-310
10	106.84	0	4.67134	6.93599e-310
10	58.2203	40.5449	4.06423	6.93599e-310
10	118.317	0	4.77336	6.93599e-310
10	97.5136	2.41296	4.57999	6.93599e-310
10	83.5233	15.9897	4.42513	6.93599e-310
10	83.0647	16.4348	4.41962	6.93599e-310
10	100.502	0	4.61018	6.93599e-310
10	146.866	0	4.98952	6.93599e-310
10	61.1786	37.674	4.1138	6.93599e-310
10	144.062	0	4.97024	6.93599e-310
10	87.7255	11.9118	4.47421	6.93599e-310
10	66.9316	32.0911	4.20367	6.93599e-310
10	123.832	0	4.81893	6.93599e-310
10	69.7371	29.3685	4.24473	6.93599e-310
10	74.8645	24.3926	4.31568	6.93599e-310
10	75.1687	24.0974	4.31973	6.93599e-310
10	217.029	0	5.38003	6.93599e-310
10	67.3472	31.6878	4.20986	6.93599e-310
10	122.156	0	4.8053	6.93599e-310
10	151.75	0	5.02223	6.93599e-310
10	101.871	0	4.6237	6.93599e-310
10	77.8038	21.5402	4.35419	6.93599e-310
10	271.205	0	5.60287	6.93599e-310
10	149.618	0	5.00809	6.93599e-310
10	166.903	0	5.11741	6.93599e-310
10	158.607	0	5.06643	6.93599e-310
10	49.0913	49.4041	3.89368	6.93599e-310
10	96.7951	3.11015	4.5726	6.93599e-310
10	213.257	0	5.3625	6.93599e-310
10	124.36	0	4.82318	6.93599e-310
10	70.0723	29.0432	4.24953	6.93599e-310
10	194.471	0	5.27028	6.93599e-310
10	59.9751	38.842	4.09393	6.93599e-310
10	148.351	0	4.99958	6.93599e-310
10	136.41	0	4.91566	6.93599e-310
10	131.036	0	4.87547	6.93599e-310
10	121.758	0	4.80204	6.93599e-310
10	161.51	0	5.08457	6.93599e-310
10	118.802	0	4.77746	6.93599e-310
10	120.233	0	4.78943	6.93599e-310
10	58.9019	39.8835	4.07587	6.93599e-310
10	115.09	0	4.74571	6.93599e-310
10	136.898	0	4.91924	6.93599e-310
10	120.474	0	4.79143	6.93599e-310
10	118.044	0	4.77105	6.93599e-310
10	151.975	0	5.02372	6.93599e-310
10	73.2712	25.9389	4.29417	6.93599e-310
10	128.553	0	4.85634	6.93599e-310
10	75.0834	24.1802	4.3186	6.93599e-310
10	40.8649	57.3874	3.71027	6.93599e-310
10	106.025	0	4.66367	6.93599e-310
10	74.0599	25.1734	4.30487	6.93599e-310
10	130.15	0	4.86869	6.93599e-310
10	116.374	0	4.75681	6.93599e-310
10	109.332	0	4.69439	6.93599e-310
10	111.323	0	4.71244	6.93599e-310
10	95.1094	4.74602	4.55503	6.93599e-310
10	151.082	0	5.01782	6.93599e-310
10	119.614	0	4.78427	6.93599e-310
10	84.5068	15.0353	4.43683	6.93599e-310
10	88.0385	11.608	4.47777	6.93599e-310
10	97.5385	2.38873	4.58025	6.93599e-310
10	85.9825	13.6032	4.45414	6.93599e-310
10	113.3	0	4.73004	6.93599e-310
10	114.648	0	4.74187	6.93599e-310
10	115.845	0	4.75225	6.93599e-310
10	99.4725	0.511893	4.59988	6.93599e-310
10	68.1535	30.9053	4.22176	6.93599e-310
10	162.877	0	5.093	6.93599e-310
10	55.9758	42.7231	4.02492	6.93599e-310
10	209.737	0	5.34585	6.93599e-310
10	86.8699	12.742	4.46441	6.93599e-310
10	287.143	0	5.65998	6.93599e-310
10	68.2355	30.8257	4.22297	6.93599e-310
10	95.2874	4.5733	4.5569	6.93599e-310
10	59.2898	39.5071	4.08244	6.93599e-310
10	111.836	0	4.71703	6.93599e-310
10	79.1371	20.2463	4.37118	6.93599e-310
10	162.429	0	5.09024	6.93599e-310
10	84.5768	14.9674	4.43766	6.93599e-310
10	113.96	0	4.73584	6.93599e-310
10	117.872	0	4.7696	6.93599e-310
10	85.6169	13.958	4.44988	6.93599e-310
10	88.1988	11.4525	4.47959	6.93599e-310
10	110.987	0	4.70941	6.93599e-310
10	98.6061	1.35271	4.59113	6.93599e-310
10	80.4766	18.9464	4.38797	6.93599e-310
10	86.6722	12.9339	4.46213	6.93599e-310
10	53.4039	45.2189	3.97788	6.93599e-310
10	116.354	0	4.75664	6.93599e-310
10	68.6496	30.4238	4.22902	6.93599e-310
10	123.664	0	4.81757	6.93599e-310
10	71.2023	27.9466	4.26553	6.93599e-310
10	131.737	0	4.88081	6.93599e-310
10	99.4743	0.510166	4.5999	6.93599e-310
10	57.7993	40.9535	4.05698	6.93599e-310
10	150.984	0	5.01718	6.93599e-310
10	108.606	0	4.68773	6.93599e-310
10	85.5927	13.9815	4.4496	6.93599e-310
10	57.1025	41.6297	4.04485	6.93599e-310
10	137.418	0	4.92303	6.93599e-310
10	91.1724	8.56672	4.51275	6.93599e-310
10	81.3098	18.1379	4.39827	6.93599e-310
10	64.4993	34.4515	4.16665	6.93599e-310
10	58.628	40.1493	4.07121	6.93599e-310
10	103.853	0	4.64298	6.93599e-310
10	83.3568	16.1513	4.42313	6.93599e-310
10	88.7632	10.9047	4.48597	6.93599e-310
10	118.219	0	4.77254	6.93599e-310
10	92.9948	6.79814	4.53254	6.93599e-310
10	165.064	0	5.10633	6.93599e-310
10	62.2619	36.6228	4.13135	6.93599e-310
10	162.335	0	5.08966	6.93599e-310
10	88.6812	10.9843	4.48505	6.93599e-310
10	107.059	0	4.67338	6.93599e-310
10	73.6077	25.6123	4.29875	6.93599e-310
10	99.271	0.707501	4.59785	6.93599e-310
10	91.8124	7.94558	4.51975	6.93599e-310
10	123.279	0	4.81445	6.93599e-310
10	87.0778	12.5402	4.4668	6.93599e-310
10	56.2728	42.4348	4.03021	6.93599e-310
10	80.3915	19.0289	4.38691	6.93599e-310
10	96.3471	3.54494	4.56796	6.93599e-310
10	108.761	0	4.68916	6.93599e-310
10	129.142	0	4.86091	6.93599e-310
10	92.413	7.36274	4.52627	6.93599e-310
10	102.622	0	4.63105	6.93599e-310
10	79.4018	19.9894	4.37452	6.93599e-310
10	85.6978	13.8795	4.45083	6.93599e-310
10	73.5262	25.6914	4.29764	6.93599e-310
10	65.8504	33.1403	4.18739	6.93599e-310
10	61.8614	37.0114	4.1249	6.93599e-310
10	118.17	0	4.77213	6.93599e-310
10	163.676	0	5.09789	6.93599e-310
10	121.043	0	4.79614	6.93599e-310
10	45.337	53.0475	3.81412	6.93599e-310
10	104.457	0	4.64878	6.93599e-310
10	101.332	0	4.6184	6.93599e-310
10	70.8006	28.3364	4.25987	6.93599e-310
10	66.2939	32.7099	4.1941	6.93599e-310
10	115.27	0	4.74728	6.93599e-310
10	153.119	0	5.03122	6.93599e-310
10	94.4737	5.36299	4.54832	6.93599e-310
10	80.8311	18.6024	4.39236	6.93599e-310
10	74.1133	25.1216	4.3056	6.93599e-310
10	129.325	0	4.86233	6.93599e-310
10	124.079	0	4.82091	6.93599e-310
10	112.188	0	4.72018	6.93599e-310
10	73.9333	25.2963	4.30316	6.93599e-310
10	159.94	0	5.0748	6.93599e-310
10	137.908	0	4.92659	6.93599e-310
10	143.107	0	4.96359	6.93599e-310
10	138.066	0	4.92773	6.93599e-310
10	88.7498	10.9177	4.48582	6.93599e-310
10	97.8536	2.08296	4.58347	6.93599e-310
10	53.9056	44.7321	3.98723	6.93599e-310
10	107.872	0	4.68094	6.93599e-310
10	73.0164	26.1861	4.29068	6.93599e-310
10	135.612	0	4.9098	6.93599e-310
10	67.1352	31.8935	4.20671	6.93599e-310
10	89.922	9.78012	4.49894	6.93599e-310
10	65.5783	33.4044	4.18324	6.93599e-310
10	109.469	0	4.69564	6.93599e-310
10	87.9318	11.7115	4.47656	6.93599e-310
10	79.2144	20.1712	4.37216	6.93599e-310
10	141.965	0	4.95558	6.93599e-310
10	80.5386	18.8862	4.38874	6.93599e-310
10	91.7778	7.97917	4.51937	6.93599e-310
10	80.1625	19.2512	4.38406	6.93599e-310
10	121.436	0	4.79939	6.93599e-310
10	225.353	0	5.41767	6.93599e-310
10	132.332	0	4.88531	6.93599e-310
10	68.3572	30.7076	4.22475	6.93599e-310
10	99.0461	0.925756	4.59558	6.93599e-310
10	43.3239	55.0011	3.7687	6.93599e-310
10	52.4395	46.1549	3.95966	6.93599e-310
10	98.7124	1.24958	4.59221	6.93599e-310
10	54.966	43.703	4.00672	6.93599e-310
10	159.284	0	5.07069	6.93599e-310
10	126.889	0	4.84331	6.93599e-310
10	118.555	0	4.77538	6.93599e-310
10	100.502	0	4.61018	6.93599e-310
10	85.7472	13.8316	4.4514	6.93599e-310
10	109.111	0	4.69236	6.93599e-310
10	105.264	0	4.65647	6.93599e-310
10	109.774	0	4.69843	6.93599e-310
10	181.637	0	5.20201	6.93599e-310
10	72.688	26.5048	4.28618	6.93599e-310
10	68.2494	30.8122	4.22317	6.93599e-310
10	61.3101	37.5464	4.11595	6.93599e-310
10	126.631	0	4.84127	6.93599e-310
10	38.8063	59.3852	3.65858	6.93599e-310
10	140.03	0	4.94186	6.93599e-310
10	91.7801	7.97698	4.5194	6.93599e-310
10	45.5479	52.8428	3.81877	6.93599e-310
10	140.664	0	4.94637	6.93599e-310
10	47.3356	51.108	3.85726	6.93599e-310
10	104.627	0	4.6504	6.93599e-310
10	82.9855	16.5117	4.41867	6.93599e-310
10	106.073	0	4.66412	6.93599e-310
10	202.199	0	5.30925	6.93599e-310
10	78.1113	21.2418	4.35814	6.93599e-310
10	74.3653	24.877	4.30899	6.93599e-310
10	56.1104	42.5924	4.02732	6.93599e-310
10	130.726	0	4.8731	6.93599e-310
10	77.9187	21.4287	4.35567	6.93599e-310
10	95.9274	3.95226	4.56359	6.93599e-310
10	95.317	4.54464	4.55721	6.93599e-310
10	118.203	0	4.7724	6.93599e-310
10	135.786	0	4.91108	6.93599e-310
10	68.6645	30.4094	4.22923	6.93599e-310
9	232.844	2.87192e-11	5.45037	6.93599e-310
9	132.055	0.0606345	4.88322	6.93599e-310
9	118.74	0.477819	4.77693	6.93599e-310
9	90.049	10.5026	4.50035	6.93599e-310
9	149.869	0.00238565	5.00976	6.93599e-310
9	79.7362	20.3833	4.37872	6.93599e-310
9	138.82	0.0186963	4.93318	6.93599e-310
9	161.201	0.00025046	5.08265	6.93599e-310
9	76.0501	24.2148	4.33139	6.93599e-310
9	186.167	1.23847e-06	5.22665	6.93599e-310
9	90.3661	10.2462	4.50387	6.93599e-310
9	158.601	0.000424637	5.06639	6.93599e-310
9	79.3918	20.7433	4.3744	6.93599e-310
9	133.002	0.0516529	4.89037	6.93599e-310
9	93.2661	8.07855	4.53546	6.93599e-310
9	154.472	0.000969854	5.04001	6.93599e-310
9	69.0033	31.04	4.23415	6.93599e-310
9	65.5465	33.9687	4.18276	6.93599e-310
9	118.689	0.481203	4.77651	6.93599e-310
9	120.581	0.367768	4.79232	6.93599e-310
9	42.6487	55.8236	3.753	6.93599e-310
9	29.1479	85.3721	3.37238	6.93599e-310
9	76.6944	23.5521	4.33983	6.93599e-310
9	102.559	3.35146	4.63044	6.93599e-310
9	126.099	0.159958	4.83707	6.93599e-310
9	152.709	0.00137253	5.02854	6.93599e-310
9	80.5714	19.5119	4.38914	6.93599e-310
9	116.068	0.68826	4.75418	6.93599e-310
9	62.4502	36.5495	4.13437	6.93599e-310
9	125.832	0.166795	4.83495	6.93599e-310
9	134.206	0.0420443	4.89937	6.93599e-310
9	114.878	0.805113	4.74387	6.93599e-310
9	51.6339	47.0777	3.94418	6.93599e-310
9	133.427	0.0480477	4.89355	6.93599e-310
9	147.452	0.0037914	4.99351	6.93599e-310
9	201.734	3.80324e-08	5.30695	6.93599e-310
9	83.6305	16.3799	4.42641	6.93599e-310
9	153.125	0.00126496	5.03126	6.93599e-310
9	86.7642	13.3611	4.46319	6.93599e-310
9	102.799	3.26946	4.63277	6.93599e-310
9	72.5489	27.7171	4.28426	6.93599e-310
9	119.355	0.43821	4.7821	6.93599e-310
9	91.3218	9.49588	4.51439	6.93599e-310
9	70.4159	29.7487	4.25442	6.93599e-310
9	84.5093	15.5095	4.43686	6.93599e-310
9	78.6252	21.5447	4.36469	6.93599e-310
9	138.012	0.0215965	4.92734	6.93599e-310
9	78.8452	21.3149	4.36749	6.93599e-310
9	123.232	0.248673	4.81407	6.93599e-310
9	98.8743	4.84118	4.59385	6.93599e-310
9	82.3593	17.6655	4.41109	6.93599e-310
9	120.099	0.394146	4.78832	6.93599e-310
9	82.5275	17.4938	4.41313	6.93599e-310
9	69.0769	30.9739	4.23522	6.93599e-310
9	66.977	32.7995	4.20435	6.93599e-310
9	187.651	8.93129e-07	5.23458	6.93599e-310
9	69.2016	30.8616	4.23702	6.93599e-310
9	100.947	3.9479	4.61459	6.93599e-310
9	169.582	4.40212e-05	5.13334	6.93599e-310
9	133.842	0.0447554	4.89666	6.93599e-310
9	77.9897	22.208	4.35658	6.93599e-310
9	202.744	3.02312e-08	5.31195	6.93599e-310
9	154.831	0.000903104	5.04234	6.93599e-310
9	200.174	5.41722e-08	5.29919	6.93599e-310
9	161.531	0.000234117	5.0847	6.93599e-310
9	54.4871	44.3005	3.99796	6.93599e-310
9	87.217	12.9466	4.4684	6.93599e-310
9	202.321	3.32874e-08	5.30985	6.93599e-310
9	130.721	0.0757871	4.87307	6.93599e-310
9	80.0036	20.104	4.38207	6.93599e-310
9	188.696	7.08874e-07	5.24014	6.93599e-310
9	67.0937	32.7015	4.20609	6.93599e-310
9	171.771	2.77372e-05	5.14616	6.93599e-310
9	126.742	0.14455	4.84215	6.93599e-310
9	119.158	0.450583	4.78045	6.93599e-310
9	120.795	0.356559	4.79409	6.93599e-310
9	141.964	0.0105756	4.95557	6.93599e-310
9	124.319	0.210835	4.82285	6.93599e-310
9	149.338	0.0026429	5.00621	6.93599e-310
9	79.8446	20.2701	4.38008	6.93599e-310
9	93.2346	8.10031	4.53512	6.93599e-310
9	107.16	2.04543	4.67432	6.93599e-310
9	95.5313	6.61926	4.55945	6.93599e-310
9	105.901	2.35085	4.66251	6.93599e-310
9	135.77	0.032064	4.91096	6.93599e-310
9	83.7419	16.2686	4.42774	6.93599e-310
9	125.628	0.172207	4.83332	6.93599e-310
9	71.2064	29.0063	4.26558	6.93599e-310
9	48.9642	49.6763	3.89109	6.93599e-310
9	100.394	4.17145	4.60911	6.93599e-310
9	93.6239	7.83417	4.53929	6.93599e-310
9	107.178	2.04126	4.67449	6.93599e-310
9	117.507	0.566722	4.7665	6.93599e-310
9	129.361	0.094828	4.86261	6.93599e-310
9	100.014	4.33163	4.60531	6.93599e-310
9	94.935	6.98317	4.55319	6.93599e-310
9	123.115	0.253075	4.81312	6.93599e-310
9	118.237	0.512507	4.77269	6.93599e-310
9	98.6835	4.9311	4.59192	6.93599e-310
9	89.2754	11.1434	4.49173	6.93599e-310
9	97.5101	5.51422	4.57996	6.93599e-310
9	80.1592	19.9415	4.38402	6.93599e-310
9	98.7959	4.87795	4.59306	6.93599e-310
9	118.885	0.468198	4.77816	6.93599e-310
9	85.3853	14.6593	4.44717	6.93599e-310
9	95.9918	6.34812	4.56426	6.93599e-310
9	71.2816	28.935	4.26664	6.93599e-310
9	166.376	8.61229e-05	5.11425	6.93599e-310
9	50.6816	48.0046	3.92556	6.93599e-310
9	210.639	4.97042e-09	5.35014	6.93599e-310
9	84.3593	15.6568	4.43509	6.93599e-310
9	255.184	1.5212e-13	5.54199	6.93599e-310
9	73.7972	26.4899	4.30132	6.93599e-310
9	119.962	0.401976	4.78717	6.93599e-310
9	49.1697	49.4762	3.89528	6.93599e-310
9	102.982	3.20804	4.63455	6.93599e-310
9	91.4133	9.42585	4.51539	6.93599e-310
9	139.537	0.0164375	4.93833	6.93599e-310
9	105.781	2.38185	4.66138	6.93599e-310
9	107.796	1.90412	4.68024	6.93599e-310
9	132.663	0.0547192	4.88781	6.93599e-310
9	104.621	2.69958	4.65035	6.93599e-310
9	80.9616	19.1062	4.39398	6.93599e-310
9	98.462	5.03719	4.58967	6.93599e-310
9	88.9114	11.4521	4.48764	6.93599e-310
9	86.3826	13.7152	4.45879	6.93599e-310
9	107.691	1.92691	4.67926	6.93599e-310
9	53.4105	45.3484	3.97801	6.93599e-310
9	96.8021	5.89172	4.57267	6.93599e-310
9	86.0159	14.0592	4.45453	6.93599e-310
9	128.662	0.106263	4.85719	6.93599e-310
9	76.9264	23.3123	4.34285	6.93599e-310
9	117.118	0.597568	4.76318	6.93599e-310
9	82.078	17.9535	4.40767	6.93599e-310
9	65.6531	33.8837	4.18438	6.93599e-310
9	149.11	0.0027612	5.00469	6.93599e-310
9	90.6559	10.0151	4.50707	6.93599e-310
9	91.839	9.10432	4.52004	6.93599e-310
9	63.5704	35.4897	4.15215	6.93599e-310
9	126.358	0.153583	4.83912	6.93599e-310
9	90.3565	10.2539	4.50376	6.93599e-310
9	101.125	3.87775	4.61636	6.93599e-310
9	73.2503	27.0308	4.29388	6.93599e-310
9	58.5585	40.3376	4.07003	6.93599e-310
9	127.544	0.127229	4.84846	6.93599e-310
9	93.9421	7.62119	4.54268	6.93599e-310
9	86.2926	13.7993	4.45774	6.93599e-310
9	108.525	1.75223	4.68698	6.93599e-310
9	91.7003	9.2083	4.51853	6.93599e-310
9	166.796	7.8903e-05	5.11677	6.93599e-310
9	63.5847	35.479	4.15237	6.93599e-310
9	147.276	0.00392101	4.99231	6.93599e-310
9	90.2891	10.3081	4.50302	6.93599e-310
9	96.0225	6.33036	4.56458	6.93599e-310
9	78.431	21.7476	4.36222	6.93599e-310
9	106.03	2.31813	4.66372	6.93599e-310
9	109.145	1.63096	4.69268	6.93599e-310
9	118.557	0.490144	4.7754	6.93599e-310
9	69.5436	30.5518	4.24195	6.93599e-310
9	76.9313	23.3073	4.34291	6.93599e-310
9	79.7733	20.3445	4.37919	6.93599e-310
9	109.991	1.47699	4.7004	6.93599e-310
9	137.228	0.0248191	4.92164	6.93599e-310
9	136.732	0.0270882	4.91802	6.93599e-310
9	107.039	2.07329	4.67319	6.93599e-310
9	113.533	0.957053	4.73209	6.93599e-310
9	80.1039	19.9993	4.38332	6.93599e-310
9	80.3372	19.7559	4.38623	6.93599e-310
9	59.3261	39.5904	4.08305	6.93599e-310
9	75.2625	25.0181	4.32098	6.93599e-310
9	71.6158	28.6168	4.27132	6.93599e-310
9	138.228	0.0207847	4.9289	6.93599e-310
9	164.536	0.00012617	5.10313	6.93599e-310
9	127.103	0.136494	4.845	6.93599e-310
9	47.0245	51.5643	3.85067	6.93599e-310
9	109.895	1.49387	4.69952	6.93599e-310
9	101.63	3.68519	4.62134	6.93599e-310
9	78.9931	21.1602	4.36936	6.93599e-310
9	57.3476	41.5162	4.04913	6.93599e-310
9	127.241	0.133533	4.84608	6.93599e-310
9	158.718	0.000414707	5.06713	6.93599e-310
9	80.7363	19.3403	4.39119	6.93599e-310
9	101.967	3.56088	4.62465	6.93599e-310
9	74.9388	25.3459	4.31667	6.93599e-310
9	134.364	0.0409169	4.90055	6.93599e-310
9	87.6642	12.5433	4.47351	6.93599e-310
9	103.356	3.08532	4.63818	6.93599e-310
9	73.7948	26.4923	4.30129	6.93599e-310
9	152.415	0.0014542	5.0266	6.93599e-310
9	120.388	0.37812	4.79072	6.93599e-310
9	131.306	0.0687541	4.87753	6.93599e-310
9	144.68	0.00639527	4.97453	6.93599e-310
9	82.8227	17.1936	4.4167	6.93599e-310
9	119.76	0.413696	4.78549	6.93599e-310
9	57.9478	40.932	4.05954	6.93599e-310
9	113.732	0.933167	4.73384	6.93599e-310
9	79.0802	21.0692	4.37046	6.93599e-310
9	155.782	0.00074758	5.04846	6.93599e-310
9	73.8695	26.418	4.3023	6.93599e-310
9	98.1373	5.19603	4.58637	6.93599e-310
9	64.1176	35.0781	4.16072	6.93599e-310
9	100.215	4.24633	4.60732	6.93599e-310
9	79.8193	20.2965	4.37977	6.93599e-310
9	72.5371	27.7286	4.2841	6.93599e-310
9	125.69	0.170535	4.83382	6.93599e-310
9	82.4474	17.5755	4.41216	6.93599e-310
9	103.735	2.96544	4.64184	6.93599e-310
9	85.0088	15.0224	4.44275	6.93599e-310
9	112.965	1.02811	4.72708	6.93599e-310
9	218.422	8.24503e-10	5.38643	6.93599e-310
9	136.444	0.0284952	4.91591	6.93599e-310
9	72.805	27.4674	4.28779	6.93599e-310
9	94.7752	7.0831	4.55151	6.93599e-310
9	42.4422	56.0245	3.74814	6.93599e-310
9	53.1374	45.6142	3.97288	6.93599e-310
9	107.01	2.08002	4.67292	6.93599e-310
9	52.258	46.4702	3.95619	6.93599e-310
9	154.777	0.00091287	5.04199	6.93599e-310
9	104.631	2.69669	4.65044	6.93599e-310
9	137.375	0.0241836	4.92271	6.93599e-310
9	92.942	8.30442	4.53198	6.93599e-310
9	71.0093	29.1926	4.26281	6.93599e-310
9	93.8064	7.71155	4.54123	6.93599e-310
9	106.512	2.1983	4.66826	6.93599e-310
9	105.114	2.56064	4.65504	6.93599e-310
9	165.867	9.5734e-05	5.11119	6.93599e-310
9	51.9101	46.8088	3.94951	6.93599e-310
9	77.116	23.1161	4.34531	6.93599e-310
9	66.0032	33.602	4.1897	6.93599e-310
9	138.182	0.0209557	4.92857	6.93599e-310
9	51.6045	47.1063	3.94361	6.93599e-310
9	126.175	0.15807	4.83767	6.93599e-310
9	87.9096	12.3246	4.47631	6.93599e-310
9	50.4569	48.2233	3.92112	6.93599e-310
9	127.77	0.122711	4.85023	6.93599e-310
9	55.8663	42.958	4.02296	6.93599e-310
9	120.937	0.349251	4.79527	6.93599e-310
9	92.6317	8.52454	4.52863	6.93599e-310
9	123.375	0.243354	4.81523	6.93599e-310
9	251.638	3.50153e-13	5.52799	6.93599e-310
9	93.3161	8.04412	4.53599	6.93599e-310
9	76.043	24.2221	4.3313	6.93599e-310
9	54.908	43.8908	4.00566	6.93599e-310
9	159.672	0.000341884	5.07312	6.93599e-310
9	92.6904	8.48264	4.52926	6.93599e-310
9	125.49	0.175951	4.83223	6.93599e-310
9	86.729	13.3936	4.46279	6.93599e-310
9	117.39	0.575821	4.7655	6.93599e-310
9	117.739	0.548937	4.76847	6.93599e-310
9	75.4646	24.8128	4.32366	6.93599e-310
8	217.419	3.20908e-05	5.38183	6.93599e-310
8	124.914	0.822017	4.82762	6.93599e-310
8	116.887	1.68191	4.76121	6.93599e-310
8	92.5218	11.1997	4.52744	6.93599e-310
8	158.471	0.0308712	5.06557	6.93599e-310
8	93.315	10.6753	4.53598	6.93599e-310
8	146.289	0.107814	4.98558	6.93599e-310
8	186.168	0.00137918	5.22665	6.93599e-310
8	73.9786	25.4043	4.30378	6.93599e-310
8	178.241	0.00346381	5.18314	6.93599e-310
8	93.812	10.3519	4.54129	6.93599e-310
8	145.991	0.111056	4.98354	6.93599e-310
8	95.9971	8.98646	4.56432	6.93599e-310
8	132.332	0.414257	4.88532	6.93599e-310
8	118.914	1.40752	4.7784	6.93599e-310
8	134.158	0.348904	4.89902	6.93599e-310
8	71.6726	27.6556	4.27211	6.93599e-310
8	84.8539	16.512	4.44093	6.93599e-310
8	107.635	3.70644	4.67875	6.93599e-310
8	152.493	0.0575873	5.02712	6.93599e-310
8	40.8083	57.788	3.70888	6.93599e-310
8	35.2808	93.6921	3.56334	6.93599e-310
8	109.326	3.21857	4.69433	6.93599e-310
8	97.8226	7.92741	4.58316	6.93599e-310
8	119.665	1.31695	4.7847	6.93599e-310
8	172.832	0.00641019	5.15232	6.93599e-310
8	80.8598	19.2944	4.39272	6.93599e-310
8	97.7734	7.95484	4.58265	6.93599e-310
8	61.0256	39.4761	4.11129	6.93599e-310
8	147.649	0.0941242	4.99484	6.93599e-310
8	137.063	0.2648	4.92044	6.93599e-310
8	120.916	1.17833	4.7951	6.93599e-310
8	51.9723	47.0763	3.95071	6.93599e-310
8	140.462	0.190993	4.94494	6.93599e-310
8	138.346	0.234197	4.92976	6.93599e-310
8	208.644	9.32949e-05	5.34063	6.93599e-310
8	81.5724	18.7972	4.40149	6.93599e-310
8	156.107	0.0395933	5.05054	6.93599e-310
8	87.3555	14.7628	4.46999	6.93599e-310
8	91.5626	11.8453	4.51702	6.93599e-310
8	79.6374	20.1515	4.37748	6.93599e-310
8	117.232	1.63192	4.76415	6.93599e-310
8	126.348	0.721227	4.83904	6.93599e-310
8	77.3311	22.1313	4.3481	6.93599e-310
8	70.1315	29.1602	4.25037	6.93599e-310
8	82.4229	18.2049	4.41186	6.93599e-310
8	127.459	0.651309	4.8478	6.93599e-310
8	83.9368	17.1512	4.43006	6.93599e-310
8	123.249	0.955826	4.8142	6.93599e-310
8	92.1054	11.4785	4.52293	6.93599e-310
8	85.3701	16.1516	4.447	6.93599e-310
8	122.625	1.01111	4.80913	6.93599e-310
8	85.3919	16.1364	4.44725	6.93599e-310
8	63.6904	35.6136	4.15403	6.93599e-310
8	57.52	43.6624	4.05213	6.93599e-310
8	125.423	0.784762	4.83169	6.93599e-310
8	72.6599	26.6917	4.28579	6.93599e-310
8	89.1506	13.508	4.49033	6.93599e-310
8	157.512	0.0341643	5.0595	6.93599e-310
8	127.393	0.655313	4.84727	6.93599e-310
8	76.1987	23.2369	4.33334	6.93599e-310
8	152.481	0.0576574	5.02704	6.93599e-310
8	162.117	0.0209104	5.08832	6.93599e-310
8	193.369	0.000587935	5.2646	6.93599e-310
8	164.765	0.0156911	5.10452	6.93599e-310
8	65.546	33.6369	4.18275	6.93599e-310
8	89.4005	13.334	4.49313	6.93599e-310
8	164.841	0.015561	5.10498	6.93599e-310
8	127.91	0.624872	4.85132	6.93599e-310
8	83.0306	17.782	4.41921	6.93599e-310
8	164.778	0.0156679	5.1046	6.93599e-310
8	61.778	38.405	4.12355	6.93599e-310
8	216.812	3.45522e-05	5.37903	6.93599e-310
8	159.444	0.0278417	5.0717	6.93599e-310
8	101.602	6.00472	4.62107	6.93599e-310
8	109.071	3.28807	4.692	6.93599e-310
8	143.499	0.142037	4.96633	6.93599e-310
8	112.765	2.40333	4.72531	6.93599e-310
8	194.01	0.00054462	5.26791	6.93599e-310
8	80.2316	19.734	4.38492	6.93599e-310
8	123.04	0.973996	4.81251	6.93599e-310
8	104.683	4.71667	4.65093	6.93599e-310
8	100.611	6.47236	4.61126	6.93599e-310
8	87.0328	14.9887	4.46628	6.93599e-310
8	144.936	0.123291	4.97629	6.93599e-310
8	74.0231	25.3609	4.30438	6.93599e-310
8	103.7	5.10057	4.64151	6.93599e-310
8	76.6649	22.7818	4.33944	6.93599e-310
8	44.6227	54.0641	3.79824	6.93599e-310
8	94.6067	9.84414	4.54973	6.93599e-310
8	92.4593	11.2414	4.52677	6.93599e-310
8	130.948	0.471498	4.8748	6.93599e-310
8	110.224	2.98397	4.70251	6.93599e-310
8	130.394	0.496463	4.87056	6.93599e-310
8	85.7571	15.8812	4.45152	6.93599e-310
8	93.3149	10.6754	4.53598	6.93599e-310
8	125.647	0.76891	4.83348	6.93599e-310
8	108.05	3.58078	4.6826	6.93599e-310
8	105.649	4.36258	4.66013	6.93599e-310
8	94.1217	10.1526	4.54459	6.93599e-310
8	103.181	5.31366	4.63648	6.93599e-310
8	88.6611	13.8495	4.48482	6.93599e-310
8	103.444	5.20493	4.63903	6.93599e-310
8	102.476	5.61426	4.62963	6.93599e-310
8	77.0962	22.3606	4.34505	6.93599e-310
8	96.4598	8.71047	4.56913	6.93599e-310
8	69.3295	29.9432	4.23887	6.93599e-310
8	149.485	0.0782405	5.0072	6.93599e-310
8	65.3164	33.8611	4.17924	6.93599e-310
8	202.404	0.000198638	5.31027	6.93599e-310
8	105.863	4.28759	4.66214	6.93599e-310
8	244.71	1.14082e-06	5.50007	6.93599e-310
8	73.1998	26.1646	4.29319	6.93599e-310
8	107.514	3.74366	4.67762	6.93599e-310
8	53.4972	46.4463	3.97963	6.93599e-310
8	106.224	4.16301	4.66555	6.93599e-310
8	84.9925	16.4152	4.44256	6.93599e-310
8	111.247	2.73603	4.71175	6.93599e-310
8	105.528	4.40592	4.65897	6.93599e-310
8	104.086	4.94706	4.64521	6.93599e-310
8	138.781	0.224624	4.9329	6.93599e-310
8	87.9571	14.3417	4.47685	6.93599e-310
8	87.1263	14.9233	4.46736	6.93599e-310
8	83.5244	17.4383	4.42514	6.93599e-310
8	96.2771	8.8189	4.56723	6.93599e-310
8	91.2216	12.0775	4.51329	6.93599e-310
8	97.2494	8.25122	4.57728	6.93599e-310
8	55.4414	45.3425	4.01533	6.93599e-310
8	108.42	3.47222	4.68601	6.93599e-310
8	94.3708	9.99365	4.54723	6.93599e-310
8	112.679	2.42113	4.72454	6.93599e-310
8	71.9591	27.3759	4.2761	6.93599e-310
8	122.24	1.0467	4.80598	6.93599e-310
8	107.614	3.71305	4.67855	6.93599e-310
8	72.0012	27.3348	4.27668	6.93599e-310
8	124.567	0.848321	4.82484	6.93599e-310
8	83.7529	17.2793	4.42787	6.93599e-310
8	87.7881	14.46	4.47493	6.93599e-310
8	64.0571	35.0905	4.15977	6.93599e-310
8	105.815	4.30431	4.66169	6.93599e-310
8	81.7377	18.682	4.40352	6.93599e-310
8	104.844	4.65592	4.65247	6.93599e-310
8	69.8586	29.4266	4.24647	6.93599e-310
8	60.839	39.7356	4.10823	6.93599e-310
8	112.848	2.38638	4.72604	6.93599e-310
8	105.101	4.56053	4.65492	6.93599e-310
8	89.8002	13.0564	4.49759	6.93599e-310
8	130.888	0.474135	4.87434	6.93599e-310
8	94.5194	9.89936	4.5488	6.93599e-310
8	138.209	0.237299	4.92877	6.93599e-310
8	80.0086	19.8905	4.38213	6.93599e-310
8	172.401	0.00672861	5.14982	6.93599e-310
8	98.2919	7.66839	4.58794	6.93599e-310
8	79.6454	20.1459	4.37758	6.93599e-310
8	82.4188	18.2078	4.41181	6.93599e-310
8	112.918	2.37192	4.72666	6.93599e-310
8	85.9248	15.764	4.45347	6.93599e-310
8	107.757	3.66911	4.67988	6.93599e-310
8	65.3404	33.8377	4.17961	6.93599e-310
8	78.6697	20.8362	4.36526	6.93599e-310
8	86.4496	15.3969	4.45956	6.93599e-310
8	92.708	11.0757	4.52945	6.93599e-310
8	123.301	0.951327	4.81463	6.93599e-310
8	112.763	2.40373	4.72529	6.93599e-310
8	86.0691	15.6631	4.45515	6.93599e-310
8	119.204	1.37184	4.78084	6.93599e-310
8	97.5176	8.09867	4.58003	6.93599e-310
8	76.4148	23.0259	4.33618	6.93599e-310
8	60.5736	40.0993	4.10386	6.93599e-310
8	73.5006	25.871	4.29729	6.93599e-310
8	82.3349	18.2662	4.41079	6.93599e-310
8	119.443	1.34312	4.78284	6.93599e-310
8	187.407	0.00119224	5.23328	6.93599e-310
8	126.453	0.714311	4.83987	6.93599e-310
8	55.164	45.5247	4.01031	6.93599e-310
8	114.793	2.01808	4.74313	6.93599e-310
8	106.929	3.92922	4.67216	6.93599e-310
8	85.9812	15.7246	4.45413	6.93599e-310
8	53.8842	46.2567	3.98684	6.93599e-310
8	109.989	3.04378	4.70038	6.93599e-310
8	153.424	0.0523276	5.0332	6.93599e-310
8	82.3335	18.2671	4.41078	6.93599e-310
8	112.952	2.36507	4.72696	6.93599e-310
8	80.8627	19.2924	4.39275	6.93599e-310
8	129.312	0.548923	4.86223	6.93599e-310
8	77.6248	21.8446	4.35189	6.93599e-310
8	91.9268	11.5988	4.52099	6.93599e-310
8	91.8327	11.6624	4.51997	6.93599e-310
8	142.806	0.152019	4.96149	6.93599e-310
8	118.732	1.43025	4.77687	6.93599e-310
8	150.175	0.0729619	5.0118	6.93599e-310
8	123.537	0.931307	4.81654	6.93599e-310
8	98.5952	7.504	4.59102	6.93599e-310
8	127.383	0.65588	4.8472	6.93599e-310
8	54.7457	45.783	4.0027	6.93599e-310
8	122.589	1.01437	4.80884	6.93599e-310
8	87.5334	14.6383	4.47202	6.93599e-310
8	141.977	0.164848	4.95566	6.93599e-310
8	76.5099	22.933	4.33742	6.93599e-310
8	92.3915	11.2866	4.52604	6.93599e-310
8	74.3197	25.0713	4.30838	6.93599e-310
8	125.585	0.773303	4.83298	6.93599e-310
8	73.2646	26.1014	4.29408	6.93599e-310
8	59.3365	41.6938	4.08322	6.93599e-310
8	113.04	2.34719	4.72775	6.93599e-310
8	90.4327	12.6189	4.50461	6.93599e-310
8	107.573	3.72562	4.67817	6.93599e-310
8	75.8932	23.5351	4.32933	6.93599e-310
8	143.204	0.146218	4.96427	6.93599e-310
8	223.011	1.62277e-05	5.40722	6.93599e-310
8	151.397	0.0644271	5.01991	6.93599e-310
8	66.2226	32.9764	4.19302	6.93599e-310
8	108.674	3.39931	4.68835	6.93599e-310
8	45.7646	52.9492	3.82351	6.93599e-310
8	61.1703	39.2731	4.11366	6.93599e-310
8	113.212	2.31285	4.72926	6.93599e-310
8	59.8869	41.0069	4.09246	6.93599e-310
8	188.056	0.00110444	5.23674	6.93599e-310
8	109.236	3.24301	4.69351	6.93599e-310
8	142.404	0.158124	4.95867	6.93599e-310
8	84.9322	16.4573	4.44185	6.93599e-310
8	56.1805	44.811	4.02857	6.93599e-310
8	81.5968	18.7802	4.40179	6.93599e-310
8	107.454	3.76253	4.67706	6.93599e-310
8	132.343	0.41386	4.88539	6.93599e-310
8	202.465	0.000197169	5.31057	6.93599e-310
8	55.5461	45.2713	4.01721	6.93599e-310
8	72.4324	26.9139	4.28265	6.93599e-310
8	71.7149	27.6144	4.2727	6.93599e-310
8	152.039	0.0603331	5.02414	6.93599e-310
8	53.1687	46.597	3.97347	6.93599e-310
8	128.926	0.568904	4.85924	6.93599e-310
8	92.8567	10.9771	4.53106	6.93599e-310
8	63.504	35.8841	4.1511	6.93599e-310
8	134.406	0.340819	4.90086	6.93599e-310
8	55.1603	45.5271	4.01024	6.93599e-310
8	132.641	0.402428	4.88765	6.93599e-310
8	86.2021	15.5701	4.45669	6.93599e-310
8	130.481	0.492478	4.87123	6.93599e-310
8	242.657	1.46773e-06	5.49165	6.93599e-310
8	93.1457	10.7864	4.53417	6.93599e-310
8	73.9263	25.4554	4.30307	6.93599e-310
8	53.8645	46.2667	3.98647	6.93599e-310
8	124.804	0.830271	4.82674	6.93599e-310
8	87.6891	14.5292	4.4738	6.93599e-310
8	126.013	0.743614	4.83639	6.93599e-310
8	103.327	5.25301	4.6379	6.93599e-310
8	105.982	4.24614	4.66327	6.93599e-310
8	109.392	3.20054	4.69494	6.93599e-310
8	79.2375	20.4336	4.37245	6.93599e-310
7	156.493	0.17408	5.05301	6.93599e-310
7	112.014	4.04175	4.71863	6.93599e-310
7	102	7.36935	4.62497	6.93599e-310
7	94.5022	10.9271	4.54862	6.93599e-310
7	147.56	0.347361	4.99424	6.93599e-310
7	76.9244	22.596	4.34282	6.93599e-310
7	143.036	0.488006	4.96309	6.93599e-310
7	149.88	0.291023	5.00983	6.93599e-310
7	76.8877	22.632	4.34235	6.93599e-310
7	153.582	0.218629	5.03424	6.93599e-310
7	94.8504	10.7449	4.5523	6.93599e-310
7	152.176	0.243835	5.02504	6.93599e-310
7	66.1274	36.3762	4.19158	6.93599e-310
7	130.929	1.166	4.87466	6.93599e-310
7	94.8087	10.7667	4.55186	6.93599e-310
7	100.103	8.18938	4.6062	6.93599e-310
7	80.4335	19.4455	4.38743	6.93599e-310
7	93.3607	11.5336	4.53647	6.93599e-310
7	128.844	1.34657	4.8586	6.93599e-310
7	145.851	0.395305	4.98258	6.93599e-310
7	50.9711	48.01	3.93126	6.93599e-310
7	40.4921	67.977	3.70111	6.93599e-310
7	110.478	4.44673	4.70482	6.93599e-310
7	90.1778	13.2918	4.50178	6.93599e-310
7	124.635	1.79073	4.82539	6.93599e-310
7	171.607	0.0512927	5.14521	6.93599e-310
7	77.3236	22.2052	4.348	6.93599e-310
7	92.8398	11.8149	4.53088	6.93599e-310
7	65.4275	37.2873	4.18094	6.93599e-310
7	121.751	2.16784	4.80198	6.93599e-310
7	140.901	0.571429	4.94806	6.93599e-310
7	125.203	1.72391	4.82994	6.93599e-310
7	59.3513	42.8429	4.08347	6.93599e-310
7	130.152	1.23058	4.8687	6.93599e-310
7	137.999	0.70617	4.92724	6.93599e-310
7	211.657	0.00176293	5.35496	6.93599e-310
7	104.038	6.55543	4.64476	6.93599e-310
7	141.942	0.529202	4.95542	6.93599e-310
7	87.5115	14.8339	4.47177	6.93599e-310
7	79.3825	20.2541	4.37428	6.93599e-310
7	93.4516	11.4848	4.53744	6.93599e-310
7	111.164	4.26161	4.711	6.93599e-310
7	118.05	2.75722	4.77111	6.93599e-310
7	71.8223	28.1757	4.27419	6.93599e-310
7	62.909	40.0865	4.14169	6.93599e-310
7	94.3745	10.9943	4.54727	6.93599e-310
7	92.7542	11.8614	4.52995	6.93599e-310
7	83.8532	17.0837	4.42907	6.93599e-310
7	119.113	2.57453	4.78007	6.93599e-310
7	81.0196	19.0143	4.39469	6.93599e-310
7	96.4308	9.93622	4.56883	6.93599e-310
7	130.063	1.23816	4.86802	6.93599e-310
7	113.078	3.78146	4.72808	6.93599e-310
7	73.9361	25.5222	4.3032	6.93599e-310
7	63.0028	39.9961	4.14318	6.93599e-310
7	128.42	1.38622	4.85531	6.93599e-310
7	61.4464	41.3655	4.11817	6.93599e-310
7	86.9386	15.1743	4.4652	6.93599e-310
7	146.322	0.381504	4.98581	6.93599e-310
7	102.976	6.97078	4.63449	6.93599e-310
7	73.3711	26.176	4.29553	6.93599e-310
7	152.029	0.246632	5.02407	6.93599e-310
7	162.715	0.106047	5.092	6.93599e-310
7	212.493	0.0016428	5.35891	6.93599e-310
7	211.871	0.00173136	5.35598	6.93599e-310
7	74.037	25.4235	4.30457	6.93599e-310
7	87.4844	14.8499	4.47146	6.93599e-310
7	164.13	0.0945934	5.10066	6.93599e-310
7	128.072	1.41964	4.85259	6.93599e-310
7	89.344	13.7671	4.49249	6.93599e-310
7	166.626	0.0772228	5.11575	6.93599e-310
7	62.7267	40.259	4.13879	6.93599e-310
7	181.814	0.0219234	5.20298	6.93599e-310
7	155.174	0.193079	5.04455	6.93599e-310
7	109.342	4.76914	4.69448	6.93599e-310
7	121.226	2.24368	4.79766	6.93599e-310
7	140.419	0.592007	4.94463	6.93599e-310
7	123.859	1.88588	4.81914	6.93599e-310
7	214.135	0.00143037	5.36661	6.93599e-310
7	86.2205	15.6063	4.45691	6.93599e-310
7	112.562	3.9058	4.7235	6.93599e-310
7	124.64	1.7901	4.82543	6.93599e-310
7	93.5031	11.4573	4.53799	6.93599e-310
7	92.8161	11.8278	4.53062	6.93599e-310
7	140.117	0.605239	4.94248	6.93599e-310
7	70.7353	29.6939	4.25895	6.93599e-310
7	107.776	5.24757	4.68006	6.93599e-310
7	92.2541	12.1343	4.52455	6.93599e-310
7	55.0662	45.1307	4.00854	6.93599e-310
7	97.8648	9.23068	4.58359	6.93599e-310
7	92.7698	11.8529	4.53012	6.93599e-310
7	106.74	5.58621	4.6704	6.93599e-310
7	102.497	7.16404	4.62984	6.93599e-310
7	115.636	3.21726	4.75045	6.93599e-310
7	74.1487	25.3141	4.30607	6.93599e-310
7	102.241	7.26948	4.62733	6.93599e-310
7	143.884	0.458115	4.96901	6.93599e-310
7	92.9305	11.7658	4.53185	6.93599e-310
7	104.677	6.31501	4.65088	6.93599e-310
7	86.938	15.1747	4.46519	6.93599e-310
7	74.0748	25.3865	4.30507	6.93599e-310
7	114.35	3.4903	4.73927	6.93599e-310
7	92.6541	11.9159	4.52887	6.93599e-310
7	101.523	7.56978	4.62029	6.93599e-310
7	79.3382	20.2892	4.37372	6.93599e-310
7	99.8937	8.28348	4.60411	6.93599e-310
7	104.635	6.33066	4.65048	6.93599e-310
7	129.761	1.26421	4.8657	6.93599e-310
7	69.1228	32.0611	4.23588	6.93599e-310
7	203.943	0.00338651	5.31784	6.93599e-310
7	87.202	15.0173	4.46823	6.93599e-310
7	219.61	0.000903195	5.39185	6.93599e-310
7	76.9022	22.6178	4.34253	6.93599e-310
7	93.9968	11.1939	4.54326	6.93599e-310
7	62.422	40.5388	4.13392	6.93599e-310
7	117.757	2.80961	4.76862	6.93599e-310
7	82.6635	17.8675	4.41478	6.93599e-310
7	123.452	1.93754	4.81585	6.93599e-310
7	106.599	5.6337	4.66908	6.93599e-310
7	95.9522	10.1779	4.56385	6.93599e-310
7	155.316	0.190941	5.04546	6.93599e-310
7	88.2762	14.3849	4.48047	6.93599e-310
7	103.148	6.90196	4.63617	6.93599e-310
7	84.6615	16.5686	4.43866	6.93599e-310
7	81.8208	18.4448	4.40453	6.93599e-310
7	91.4453	12.5807	4.51574	6.93599e-310
7	81.8664	18.4131	4.40509	6.93599e-310
7	63.392	39.61	4.14934	6.93599e-310
7	112.367	3.95375	4.72177	6.93599e-310
7	116.606	3.02441	4.7588	6.93599e-310
7	110.02	4.57428	4.70066	6.93599e-310
7	79.7545	19.9623	4.37895	6.93599e-310
7	91.3015	12.6606	4.51417	6.93599e-310
7	90.5685	13.0711	4.50611	6.93599e-310
7	74.2965	25.1693	4.30806	6.93599e-310
7	107.308	5.39826	4.67571	6.93599e-310
7	86.4842	15.4469	4.45996	6.93599e-310
7	85.0748	16.3099	4.44353	6.93599e-310
7	76.9024	22.6176	4.34254	6.93599e-310
7	97.76	9.28124	4.58252	6.93599e-310
7	80.9391	19.0728	4.3937	6.93599e-310
7	129.867	1.25502	4.86651	6.93599e-310
7	73.828	25.6282	4.30174	6.93599e-310
7	60.0005	42.4221	4.09435	6.93599e-310
7	108.949	4.8856	4.69088	6.93599e-310
7	95.661	10.3263	4.56081	6.93599e-310
7	82.2059	18.1784	4.40923	6.93599e-310
7	124.858	1.76422	4.82718	6.93599e-310
7	86.734	15.2967	4.46285	6.93599e-310
7	145.037	0.420263	4.97699	6.93599e-310
7	92.1478	12.1927	4.52339	6.93599e-310
7	184.047	0.018179	5.21519	6.93599e-310
7	122.644	2.04399	4.80929	6.93599e-310
7	93.3348	11.5476	4.53619	6.93599e-310
7	78.0775	21.4669	4.3577	6.93599e-310
7	112.766	3.85605	4.72532	6.93599e-310
7	95.5974	10.3588	4.56015	6.93599e-310
7	121.654	2.18166	4.80118	6.93599e-310
7	61.5615	41.2732	4.12004	6.93599e-310
7	79.7376	19.9754	4.37874	6.93599e-310
7	76.3195	23.1884	4.33493	6.93599e-310
7	82.5956	17.9132	4.41396	6.93599e-310
7	128.485	1.38012	4.85581	6.93599e-310
7	102.217	7.27904	4.6271	6.93599e-310
7	89.5638	13.6412	4.49495	6.93599e-310
7	127.961	1.4304	4.85173	6.93599e-310
7	101.707	7.49185	4.6221	6.93599e-310
7	66.7695	35.4974	4.20125	6.93599e-310
7	54.3813	45.4579	3.99602	6.93599e-310
7	88.5425	14.2299	4.48348	6.93599e-310
7	90.1171	13.3262	4.50111	6.93599e-310
7	124.102	1.85559	4.8211	6.93599e-310
7	205.397	0.00299389	5.32495	6.93599e-310
7	120.749	2.31479	4.79371	6.93599e-310
7	68.8173	32.5159	4.23146	6.93599e-310
7	131.18	1.14583	4.87657	6.93599e-310
7	87.4949	14.8437	4.47158	6.93599e-310
7	85.4394	16.0839	4.44781	6.93599e-310
7	66.6912	35.6065	4.20007	6.93599e-310
7	108.978	4.87702	4.69114	6.93599e-310
7	146.887	0.365546	4.98967	6.93599e-310
7	84.3436	16.7697	4.4349	6.93599e-310
7	99.2751	8.5656	4.5979	6.93599e-310
7	81.0917	18.9622	4.39558	6.93599e-310
7	142.83	0.495529	4.96165	6.93599e-310
7	78.8766	20.6844	4.36788	6.93599e-310
7	74.0991	25.3626	4.3054	6.93599e-310
7	127.118	1.51489	4.84512	6.93599e-310
7	147.71	0.343431	4.99525	6.93599e-310
7	138.378	0.687048	4.92999	6.93599e-310
7	134.594	0.901398	4.90226	6.93599e-310
7	125.673	1.67035	4.83368	6.93599e-310
7	107.661	5.28444	4.67898	6.93599e-310
7	115.705	3.20318	4.75104	6.93599e-310
7	61.4832	41.3362	4.11876	6.93599e-310
7	108.504	5.02026	4.68679	6.93599e-310
7	105.517	6.00949	4.65887	6.93599e-310
7	171.325	0.0525025	5.14356	6.93599e-310
7	70.5161	30.0096	4.25584	6.93599e-310
7	121.669	2.17946	4.80131	6.93599e-310
7	73.7373	25.7341	4.30051	6.93599e-310
7	118.371	2.7008	4.77382	6.93599e-310
7	81.9192	18.3763	4.40573	6.93599e-310
7	67.5899	34.327	4.21346	6.93599e-310
7	124.719	1.78076	4.82606	6.93599e-310
7	91.1954	12.7198	4.513	6.93599e-310
7	93.063	11.6941	4.53328	6.93599e-310
7	77.6563	21.8794	4.35229	6.93599e-310
7	162.103	0.111403	5.08823	6.93599e-310
7	152.93	0.229999	5.02998	6.93599e-310
7	169.206	0.0625124	5.13112	6.93599e-310
7	70.6714	29.7857	4.25804	6.93599e-310
7	103.392	6.80572	4.63853	6.93599e-310
7	42.589	64.1103	3.7516	6.93599e-310
7	65.1157	37.6756	4.17617	6.93599e-310
7	131.138	1.14922	4.87625	6.93599e-310
7	62.9842	40.0141	4.14288	6.93599e-310
7	211.73	0.00175202	5.35531	6.93599e-310
7	84.8868	16.4272	4.44132	6.93599e-310
7	161.891	0.113317	5.08692	6.93599e-310
7	78	21.5429	4.35671	6.93599e-310
7	82.4795	17.9918	4.41255	6.93599e-310
7	104.867	6.24464	4.6527	6.93599e-310
7	105.152	6.14064	4.65541	6.93599e-310
7	117.805	2.80086	4.76903	6.93599e-310
7	174.276	0.0411191	5.16064	6.93599e-310
7	66.0912	36.4244	4.19104	6.93599e-310
7	71.579	28.5081	4.2708	6.93599e-310
7	88.7788	14.0928	4.48615	6.93599e-310
7	163.781	0.0973026	5.09853	6.93599e-310
7	67.1536	34.9552	4.20698	6.93599e-310
7	135.084	0.870537	4.9059	6.93599e-310
7	106.444	5.68637	4.66762	6.93599e-310
7	79.7068	19.9994	4.37835	6.93599e-310
7	144.912	0.424201	4.97613	6.93599e-310
7	73.1906	26.3983	4.29307	6.93599e-310
7	142.583	0.504677	4.95993	6.93599e-310
7	89.8896	13.4554	4.49858	6.93599e-310
7	133.735	0.957895	4.89586	6.93599e-310
7	195.094	0.0071655	5.27348	6.93599e-310
7	85.8699	15.8196	4.45283	6.93599e-310
7	72.5242	27.2437	4.28392	6.93599e-310
7	68.2352	33.3803	4.22296	6.93599e-310
7	121.517	2.20135	4.80005	6.93599e-310
7	110.581	4.41848	4.70575	6.93599e-310
7	127.855	1.44085	4.85089	6.93599e-310
7	120.779	2.3103	4.79396	6.93599e-310
7	109.394	4.75416	4.69495	6.93599e-310
7	106.253	5.75195	4.66582	6.93599e-310
7	85.6345	15.9638	4.45009	6.93599e-310
6	158.871	0.357784	5.0681	6.93599e-310
6	110.377	5.81599	4.70391	6.93599e-310
6	101.311	9.0963	4.61819	6.93599e-310
6	82.6935	18.6803	4.41514	6.93599e-310
6	128.961	2.10086	4.85951	6.93599e-310
6	55.4077	45.331	4.01472	6.93599e-310
6	124.426	2.70803	4.82371	6.93599e-310
6	135.787	1.42523	4.91109	6.93599e-310
6	66.1566	33.3431	4.19202	6.93599e-310
6	142.617	0.958419	4.96016	6.93599e-310
6	89.7895	14.4944	4.49747	6.93599e-310
6	124.048	2.76558	4.82067	6.93599e-310
6	66.4942	33.0265	4.19711	6.93599e-310
6	112.057	5.32332	4.71901	6.93599e-310
6	101.883	8.86066	4.62383	6.93599e-310
6	94.853	11.9655	4.55233	6.93599e-310
6	87.7433	15.607	4.47442	6.93599e-310
6	91.1124	13.8057	4.51209	6.93599e-310
6	133.799	1.59705	4.89634	6.93599e-310
6	137.587	1.28489	4.92425	6.93599e-310
6	59.8214	39.4618	4.09136	6.93599e-310
6	42.0362	65.9898	3.73853	6.93599e-310
6	114.654	4.63225	4.74192	6.93599e-310
6	91.5305	13.5925	4.51667	6.93599e-310
6	108.5	6.41041	4.68675	6.93599e-310
6	204.618	0.0183173	5.32115	6.93599e-310
6	68.9224	30.677	4.23298	6.93599e-310
6	93.8537	12.4432	4.54174	6.93599e-310
6	62.776	36.5599	4.13957	6.93599e-310
6	109.447	6.10472	4.69544	6.93599e-310
6	142.337	0.974307	4.9582	6.93599e-310
6	107.775	6.65232	4.68005	6.93599e-310
6	64.4239	34.9414	4.16549	6.93599e-310
6	141.454	1.02607	4.95198	6.93599e-310
6	134.503	1.53408	4.90159	6.93599e-310
6	168.565	0.193079	5.12732	6.93599e-310
6	87.7728	15.5905	4.47475	6.93599e-310
6	131.956	1.77362	4.88247	6.93599e-310
6	63.3469	35.9993	4.14863	6.93599e-310
6	65.8327	33.6443	4.18712	6.93599e-310
6	102.86	8.46659	4.63337	6.93599e-310
6	123.889	2.79015	4.81939	6.93599e-310
6	124.713	2.66508	4.82602	6.93599e-310
6	66.5589	32.9655	4.19809	6.93599e-310
6	74.072	25.6144	4.30504	6.93599e-310
6	81.6793	19.3713	4.4028	6.93599e-310
6	99.0957	10.0381	4.59609	6.93599e-310
6	77.0556	22.9342	4.34453	6.93599e-310
6	99.978	9.65737	4.60495	6.93599e-310
6	79.4243	21.0196	4.3748	6.93599e-310
6	107.101	6.88336	4.67378	6.93599e-310
6	118.736	3.70929	4.7769	6.93599e-310
6	118.827	3.69075	4.77767	6.93599e-310
6	84.6887	17.4001	4.43898	6.93599e-310
6	57.7381	41.5163	4.05592	6.93599e-310
6	137.983	1.25577	4.92713	6.93599e-310
6	81.5713	19.4466	4.40148	6.93599e-310
6	108.362	6.45594	4.68548	6.93599e-310
6	161.939	0.29494	5.08722	6.93599e-310
6	91.1061	13.8089	4.51202	6.93599e-310
6	86.8171	16.1322	4.4638	6.93599e-310
6	162.851	0.27835	5.09284	6.93599e-310
6	163.58	0.265745	5.0973	6.93599e-310
6	183.821	0.0719609	5.21396	6.93599e-310
6	204.922	0.0179568	5.32263	6.93599e-310
6	77.0356	22.9512	4.34427	6.93599e-310
6	98.8963	10.1251	4.59407	6.93599e-310
6	172.461	0.150182	5.15017	6.93599e-310
6	126.286	2.44099	4.83855	6.93599e-310
6	95.0669	11.8646	4.55458	6.93599e-310
6	133.561	1.61891	4.89455	6.93599e-310
6	60.9161	38.3867	4.1095	6.93599e-310
6	127.18	2.32182	4.84561	6.93599e-310
6	152.767	0.521822	5.02891	6.93599e-310
6	104.261	7.91997	4.6469	6.93599e-310
6	89.2442	14.785	4.49138	6.93599e-310
6	130.944	1.87835	4.87477	6.93599e-310
6	127.003	2.34499	4.84421	6.93599e-310
6	183.87	0.0717324	5.21423	6.93599e-310
6	76.4149	23.4855	4.33618	6.93599e-310
6	97.6423	10.6805	4.58131	6.93599e-310
6	119.574	3.54241	4.78394	6.93599e-310
6	93.3686	12.6785	4.53655	6.93599e-310
6	77.4976	22.5622	4.35025	6.93599e-310
6	137.858	1.26492	4.92622	6.93599e-310
6	83.6875	18.0301	4.42709	6.93599e-310
6	107.798	6.6446	4.68026	6.93599e-310
6	101.223	9.13258	4.61733	6.93599e-310
6	66.7271	32.8065	4.20061	6.93599e-310
6	107.782	6.65012	4.68011	6.93599e-310
6	94.412	12.1752	4.54767	6.93599e-310
6	105.375	7.50173	4.65752	6.93599e-310
6	99.0502	10.0579	4.59563	6.93599e-310
6	118.406	3.77699	4.77412	6.93599e-310
6	71.6311	27.9826	4.27153	6.93599e-310
6	96.4974	11.1996	4.56952	6.93599e-310
6	138.192	1.24072	4.92864	6.93599e-310
6	93.2934	12.7152	4.53575	6.93599e-310
6	92.6764	13.0184	4.52911	6.93599e-310
6	80.4952	20.2166	4.3882	6.93599e-310
6	76.1113	23.7515	4.3322	6.93599e-310
6	110.266	5.8501	4.70289	6.93599e-310
6	87.5433	15.7192	4.47213	6.93599e-310
6	123.112	2.91321	4.8131	6.93599e-310
6	74.4836	25.2284	4.31058	6.93599e-310
6	99.4649	9.87789	4.5998	6.93599e-310
6	102.873	8.46146	4.6335	6.93599e-310
6	123.187	2.90116	4.8137	6.93599e-310
6	75.4385	24.3519	4.32332	6.93599e-310
6	165.123	0.240824	5.10669	6.93599e-310
6	75.4446	24.3464	4.3234	6.93599e-310
6	173.117	0.143955	5.15397	6.93599e-310
6	83.0491	18.4447	4.41943	6.93599e-310
6	125.009	2.62143	4.82839	6.93599e-310
6	61.7841	37.5342	4.12365	6.93599e-310
6	130.027	1.97832	4.86774	6.93599e-310
6	87.9864	15.4715	4.47718	6.93599e-310
6	138.105	1.24693	4.92802	6.93599e-310
6	104.342	7.88891	4.64768	6.93599e-310
6	81.1063	19.7749	4.39576	6.93599e-310
6	132.114	1.75779	4.88367	6.93599e-310
6	89.0717	14.8777	4.48944	6.93599e-310
6	123.415	2.86475	4.81555	6.93599e-310
6	82.3951	18.8806	4.41153	6.93599e-310
6	76.0709	23.7871	4.33167	6.93599e-310
6	94.7081	12.0342	4.5508	6.93599e-310
6	84.7395	17.3687	4.43958	6.93599e-310
6	69.8096	29.7962	4.24577	6.93599e-310
6	83.3066	18.2763	4.42253	6.93599e-310
6	121.841	3.12587	4.80272	6.93599e-310
6	104.147	7.96374	4.6458	6.93599e-310
6	58.6483	40.614	4.07156	6.93599e-310
6	106.885	6.9589	4.67175	6.93599e-310
6	86.6991	16.2002	4.46244	6.93599e-310
6	64.7232	34.6579	4.17012	6.93599e-310
6	110.81	5.68547	4.70782	6.93599e-310
6	89.4388	14.6808	4.49355	6.93599e-310
6	71.4355	28.1766	4.2688	6.93599e-310
6	79.5773	20.9025	4.37673	6.93599e-310
6	108.086	6.54783	4.68293	6.93599e-310
6	78.7742	21.5258	4.36659	6.93599e-310
6	129.536	2.03389	4.86396	6.93599e-310
6	75.2132	24.5562	4.32033	6.93599e-310
6	73.1703	26.4753	4.29279	6.93599e-310
6	110.868	5.66835	4.70834	6.93599e-310
6	96.5258	11.1866	4.56981	6.93599e-310
6	90.5777	14.0814	4.50621	6.93599e-310
6	112.366	5.23658	4.72176	6.93599e-310
6	80.091	20.5153	4.38316	6.93599e-310
6	136.351	1.37976	4.91523	6.93599e-310
6	86.2704	16.4494	4.45749	6.93599e-310
6	154.178	0.478633	5.03811	6.93599e-310
6	137.805	1.2688	4.92584	6.93599e-310
6	90.9411	13.8937	4.51021	6.93599e-310
6	72.2669	27.3553	4.28037	6.93599e-310
6	146.708	0.752175	4.98844	6.93599e-310
6	82.7509	18.642	4.41583	6.93599e-310
6	111.163	5.58093	4.711	6.93599e-310
6	53.5787	50.0153	3.98115	6.93599e-310
6	83.2765	18.2959	4.42217	6.93599e-310
6	68.9958	30.6044	4.23405	6.93599e-310
6	90.3792	14.1846	4.50401	6.93599e-310
6	99.5914	9.82331	4.60108	6.93599e-310
6	104.614	7.78581	4.65028	6.93599e-310
6	94.1798	12.2862	4.54521	6.93599e-310
6	131.96	1.77324	4.8825	6.93599e-310
6	90.7221	14.0066	4.5078	6.93599e-310
6	61.7109	37.606	4.12246	6.93599e-310
6	62.2049	37.1209	4.13043	6.93599e-310
6	85.7183	16.7755	4.45107	6.93599e-310
6	81.8789	19.2329	4.40524	6.93599e-310
6	127.119	2.32975	4.84513	6.93599e-310
6	239.899	0.00291194	5.48022	6.93599e-310
6	117.78	3.90863	4.76882	6.93599e-310
6	79.5376	20.9329	4.37623	6.93599e-310
6	126.385	2.42761	4.83933	6.93599e-310
6	82.2921	18.9503	4.41027	6.93599e-310
6	82.7028	18.6741	4.41525	6.93599e-310
6	70.6048	29.0033	4.2571	6.93599e-310
6	117.882	3.88702	4.76968	6.93599e-310
6	148.47	0.676877	5.00038	6.93599e-310
6	86.6953	16.2024	4.4624	6.93599e-310
6	85.9455	16.6406	4.45371	6.93599e-310
6	73.2181	26.4292	4.29344	6.93599e-310
6	136.932	1.33434	4.91949	6.93599e-310
6	65.761	33.7106	4.18603	6.93599e-310
6	66.2318	33.2728	4.19316	6.93599e-310
6	137.862	1.26463	4.92625	6.93599e-310
6	128.15	2.1988	4.85321	6.93599e-310
6	128.076	2.20801	4.85262	6.93599e-310
6	139.439	1.15411	4.93763	6.93599e-310
6	138.661	1.20746	4.93203	6.93599e-310
6	99.5317	9.84902	4.60048	6.93599e-310
6	110.321	5.83315	4.7034	6.93599e-310
6	52.8408	52.4325	3.96728	6.93599e-310
6	95.1841	11.8094	4.55581	6.93599e-310
6	113.136	5.02602	4.72859	6.93599e-310
6	165.088	0.24136	5.10648	6.93599e-310
6	55.5068	45.128	4.01651	6.93599e-310
6	116.635	4.16079	4.75905	6.93599e-310
6	92.8338	12.9407	4.53081	6.93599e-310
6	120.504	3.36559	4.79168	6.93599e-310
6	91.436	13.6406	4.51564	6.93599e-310
6	75.9886	23.8599	4.33058	6.93599e-310
6	160.977	0.313431	5.08126	6.93599e-310
6	75.4534	24.3384	4.32352	6.93599e-310
6	127.198	2.3195	4.84575	6.93599e-310
6	70.8611	28.7479	4.26072	6.93599e-310
6	149.208	0.647514	5.00534	6.93599e-310
6	136.178	1.39359	4.91396	6.93599e-310
6	134.669	1.51957	4.90282	6.93599e-310
6	84.427	17.5625	4.43589	6.93599e-310
6	98.6913	10.2149	4.592	6.93599e-310
6	45.9622	67.7103	3.82782	6.93599e-310
6	64.2603	35.1021	4.16294	6.93599e-310
6	136.814	1.34344	4.91863	6.93599e-310
6	71.2028	28.4077	4.26553	6.93599e-310
6	178.875	0.099206	5.18669	6.93599e-310
6	91.4522	13.6323	4.51582	6.93599e-310
6	149.243	0.646148	5.00557	6.93599e-310
6	89.8971	14.4375	4.49867	6.93599e-310
6	82.6324	18.7211	4.4144	6.93599e-310
6	123.012	2.92943	4.81228	6.93599e-310
6	103.056	8.38893	4.63527	6.93599e-310
6	107.614	6.70727	4.67855	6.93599e-310
6	127.212	2.31764	4.84586	6.93599e-310
6	70.0829	29.5238	4.24968	6.93599e-310
6	68.1949	31.3925	4.22237	6.93599e-310
6	91.9656	13.3728	4.52141	6.93599e-310
6	151.926	0.549249	5.0234	6.93599e-310
6	83.5846	18.0963	4.42586	6.93599e-310
6	117.394	3.99212	4.76553	6.93599e-310
6	109.726	6.01696	4.69799	6.93599e-310
6	73.2034	26.4433	4.29324	6.93599e-310
6	147.511	0.716929	4.9939	6.93599e-310
6	91.6145	13.55	4.51759	6.93599e-310
6	138.084	1.24848	4.92786	6.93599e-310
6	82.6802	18.6891	4.41498	6.93599e-310
6	124.07	2.7623	4.82084	6.93599e-310
6	188.376	0.0534345	5.23844	6.93599e-310
6	74.4925	25.2201	4.3107	6.93599e-310
6	78.3822	21.8381	4.3616	6.93599e-310
6	74.0241	25.6596	4.30439	6.93599e-310
6	124.821	2.64905	4.82688	6.93599e-310
6	99.447	9.88564	4.59962	6.93599e-310
6	114.318	4.71693	4.73899	6.93599e-310
6	124.543	2.69047	4.82465	6.93599e-310
6	97.4988	10.7449	4.57984	6.93599e-310
6	119.1	3.63595	4.77996	6.93599e-310
6	91.7217	13.4958	4.51876	6.93599e-310
5	162.528	0.618981	5.09085	6.93599e-310
5	92.6954	14.2825	4.52932	6.93599e-310
5	89.6183	15.9541	4.49556	6.93599e-310
5	97.4484	11.8093	4.57932	6.93599e-310
5	128.352	2.82152	4.85478	6.93599e-310
5	66.331	33.3446	4.19466	6.93599e-310
5	151.493	1.08917	5.02054	6.93599e-310
5	125.968	3.10803	4.83603	6.93599e-310
5	72.2261	27.9568	4.2798	6.93599e-310
5	150.136	1.16072	5.01154	6.93599e-310
5	88.2254	16.7353	4.47989	6.93599e-310
5	105.422	8.09982	4.65797	6.93599e-310
5	76.6219	24.3606	4.33888	6.93599e-310
5	125.781	3.13202	4.83454	6.93599e-310
5	92.1581	14.5699	4.52351	6.93599e-310
5	74.1002	26.3753	4.30542	6.93599e-310
5	81.0763	21.1387	4.39539	6.93599e-310
5	89.1073	16.2386	4.48984	6.93599e-310
5	125.522	3.16556	4.83248	6.93599e-310
5	130.415	2.5991	4.87072	6.93599e-310
5	65.6156	34.0454	4.18381	6.93599e-310
5	47.7402	61.6614	3.86577	6.93599e-310
5	114.665	5.10972	4.74201	6.93599e-310
5	90.4541	15.4935	4.50484	6.93599e-310
5	96.8642	12.1063	4.57331	6.93599e-310
5	179.036	0.244182	5.18758	6.93599e-310
5	63.4199	36.2996	4.14978	6.93599e-310
5	72.3173	27.8783	4.28106	6.93599e-310
5	61.2996	38.7027	4.11577	6.93599e-310
5	102.075	9.55943	4.62571	6.93599e-310
5	111.664	5.91061	4.7155	6.93599e-310
5	108.462	6.94162	4.6864	6.93599e-310
5	72.5797	27.6533	4.28468	6.93599e-310
5	108.333	6.98734	4.68521	6.93599e-310
5	110.961	6.12061	4.70918	6.93599e-310
5	130.316	2.60934	4.86996	6.93599e-310
5	91.9025	14.7072	4.52073	6.93599e-310
5	129.702	2.6736	4.86524	6.93599e-310
5	67.4868	32.238	4.21193	6.93599e-310
5	60.7757	39.3457	4.10719	6.93599e-310
5	97.5298	11.7681	4.58016	6.93599e-310
5	123.531	3.43938	4.81649	6.93599e-310
5	137.665	1.95906	4.92482	6.93599e-310
5	65.4092	34.2502	4.18066	6.93599e-310
5	75.7851	25.0141	4.3279	6.93599e-310
5	76.9696	24.0936	4.34341	6.93599e-310
5	89.5855	15.9723	4.49519	6.93599e-310
5	79.9153	21.9376	4.38097	6.93599e-310
5	92.3247	14.4806	4.52531	6.93599e-310
5	80.8832	21.2697	4.39301	6.93599e-310
5	111.45	5.97359	4.71358	6.93599e-310
5	108.459	6.94263	4.68638	6.93599e-310
5	113.955	5.28586	4.73581	6.93599e-310
5	95.4688	12.8242	4.5588	6.93599e-310
5	60.8545	39.2475	4.10849	6.93599e-310
5	158.889	0.751798	5.06821	6.93599e-310
5	89.8952	15.8009	4.49865	6.93599e-310
5	105.749	7.96689	4.66107	6.93599e-310
5	127.593	2.9091	4.84885	6.93599e-310
5	92.3538	14.4651	4.52563	6.93599e-310
5	91.3659	14.9969	4.51487	6.93599e-310
5	159.308	0.735408	5.07084	6.93599e-310
5	174.122	0.323733	5.15975	6.93599e-310
5	164.518	0.555254	5.10302	6.93599e-310
5	213.806	0.0316948	5.36507	6.93599e-310
5	80.19	21.7461	4.3844	6.93599e-310
5	86.0627	17.9887	4.45508	6.93599e-310
5	168.25	0.451345	5.12545	6.93599e-310
5	114.176	5.23017	4.73774	6.93599e-310
5	118.54	4.27229	4.77525	6.93599e-310
5	144.299	1.50076	4.97189	6.93599e-310
5	68.7772	31.0337	4.23087	6.93599e-310
5	134.858	2.1849	4.90422	6.93599e-310
5	135.274	2.14993	4.9073	6.93599e-310
5	103.252	9.02635	4.63717	6.93599e-310
5	102.282	9.46415	4.62774	6.93599e-310
5	126.063	3.09592	4.83678	6.93599e-310
5	112.85	5.57614	4.72606	6.93599e-310
5	156.598	0.846595	5.05368	6.93599e-310
5	86.8637	17.518	4.46434	6.93599e-310
5	104.185	8.61837	4.64617	6.93599e-310
5	93.0471	14.0953	4.53311	6.93599e-310
5	111.282	6.02361	4.71207	6.93599e-310
5	75.0858	25.5718	4.31863	6.93599e-310
5	122.658	3.56887	4.8094	6.93599e-310
5	90.5305	15.4516	4.50569	6.93599e-310
5	96.9855	12.0444	4.57456	6.93599e-310
5	105.974	7.87659	4.6632	6.93599e-310
5	67.7362	32.0028	4.21562	6.93599e-310
5	94.0754	13.5518	4.5441	6.93599e-310
5	99.2778	10.8952	4.59792	6.93599e-310
5	112.594	5.64646	4.72378	6.93599e-310
5	94.5063	13.3257	4.54867	6.93599e-310
5	123.414	3.45636	4.81554	6.93599e-310
5	77.2515	23.8791	4.34707	6.93599e-310
5	99.9145	10.5838	4.60431	6.93599e-310
5	119.304	4.1289	4.78168	6.93599e-310
5	88.6742	16.4816	4.48497	6.93599e-310
5	117.76	4.42546	4.76865	6.93599e-310
5	73.3349	27.0129	4.29504	6.93599e-310
5	78.4567	22.9816	4.36255	6.93599e-310
5	108.896	6.79044	4.6904	6.93599e-310
5	72.7977	27.4673	4.28768	6.93599e-310
5	132.548	2.39033	4.88695	6.93599e-310
5	75.2669	25.4264	4.32104	6.93599e-310
5	88.5194	16.5689	4.48322	6.93599e-310
5	93.0731	14.0815	4.53338	6.93599e-310
5	119.27	4.13509	4.78139	6.93599e-310
5	90.8839	15.2587	4.50958	6.93599e-310
5	172.701	0.351033	5.15156	6.93599e-310
5	98.3138	11.3736	4.58816	6.93599e-310
5	165.982	0.512133	5.11188	6.93599e-310
5	89.8822	15.8081	4.4985	6.93599e-310
5	116.65	4.65617	4.75917	6.93599e-310
5	72.4941	27.7265	4.28351	6.93599e-310
5	119.899	4.02159	4.78665	6.93599e-310
5	89.093	16.2466	4.48968	6.93599e-310
5	126.372	3.05698	4.83923	6.93599e-310
5	102.447	9.38882	4.62935	6.93599e-310
5	86.7083	17.6087	4.46255	6.93599e-310
5	124.691	3.27631	4.82584	6.93599e-310
5	71.7013	28.4116	4.27251	6.93599e-310
5	119.476	4.09757	4.78311	6.93599e-310
5	93.4768	13.8675	4.53771	6.93599e-310
5	96.5968	12.243	4.57055	6.93599e-310
5	107.314	7.3585	4.67576	6.93599e-310
5	93.2388	13.9935	4.53516	6.93599e-310
5	72.63	27.6102	4.28538	6.93599e-310
5	95.1933	12.9672	4.55591	6.93599e-310
5	149.973	1.16948	5.01046	6.93599e-310
5	113.856	5.31121	4.73493	6.93599e-310
5	62.8521	36.9163	4.14078	6.93599e-310
5	116.609	4.66491	4.75883	6.93599e-310
5	86.6149	17.6633	4.46147	6.93599e-310
5	74.3115	26.2014	4.30827	6.93599e-310
5	142.518	1.61532	4.95947	6.93599e-310
5	100.838	10.1395	4.61351	6.93599e-310
5	74.9463	25.6843	4.31677	6.93599e-310
5	81.8834	20.5992	4.4053	6.93599e-310
5	105.704	7.98493	4.66065	6.93599e-310
5	101.727	9.72072	4.62229	6.93599e-310
5	127.347	2.9382	4.84691	6.93599e-310
5	77.4885	23.7001	4.35013	6.93599e-310
5	72.716	27.5368	4.28656	6.93599e-310
5	115.554	4.89956	4.74974	6.93599e-310
5	85.7628	18.1671	4.45158	6.93599e-310
5	97.6516	11.7065	4.58141	6.93599e-310
5	99.4289	10.821	4.59944	6.93599e-310
5	76.1161	24.7538	4.33226	6.93599e-310
5	110.927	6.13106	4.70887	6.93599e-310
5	83.5621	19.5161	4.42559	6.93599e-310
5	165.96	0.51276	5.11175	6.93599e-310
5	151.85	1.07081	5.0229	6.93599e-310
5	91.3024	15.0312	4.51418	6.93599e-310
5	72.2348	27.9493	4.27992	6.93599e-310
5	130.236	2.61756	4.86935	6.93599e-310
5	88.3873	16.6435	4.48173	6.93599e-310
5	115.943	4.81134	4.7531	6.93599e-310
5	65.8982	33.767	4.18811	6.93599e-310
5	103.163	9.06613	4.63631	6.93599e-310
5	72.6662	27.5793	4.28588	6.93599e-310
5	75.989	24.8535	4.33059	6.93599e-310
5	71.3611	28.7091	4.26775	6.93599e-310
5	108.964	6.76734	4.69102	6.93599e-310
5	97.3177	11.8756	4.57798	6.93599e-310
5	123.962	3.37755	4.81998	6.93599e-310
5	95.0069	13.0643	4.55395	6.93599e-310
5	78.1904	23.1772	4.35915	6.93599e-310
5	73.5149	26.8618	4.29749	6.93599e-310
5	81.2432	21.0261	4.39745	6.93599e-310
5	84.3548	19.0216	4.43503	6.93599e-310
5	116.016	4.79508	4.75372	6.93599e-310
5	209.817	0.0398977	5.34623	6.93599e-310
5	88.0906	16.8118	4.47837	6.93599e-310
5	89.3021	16.1299	4.49203	6.93599e-310
5	104.867	8.32925	4.65269	6.93599e-310
5	79.9999	21.8784	4.38203	6.93599e-310
5	99.9753	10.5543	4.60492	6.93599e-310
5	81.7046	20.7177	4.40311	6.93599e-310
5	113.02	5.53037	4.72756	6.93599e-310
5	148.336	1.26001	4.99948	6.93599e-310
5	85.9522	18.0543	4.45379	6.93599e-310
5	100.305	10.3947	4.60822	6.93599e-310
5	93.6164	13.7937	4.53921	6.93599e-310
5	139.565	1.81834	4.93853	6.93599e-310
5	68.7013	31.1037	4.22977	6.93599e-310
5	65.5295	34.1306	4.1825	6.93599e-310
5	137.344	1.98369	4.92249	6.93599e-310
5	105.025	8.26345	4.6542	6.93599e-310
5	112.871	5.57045	4.72625	6.93599e-310
5	149.362	1.20276	5.00638	6.93599e-310
5	122.779	3.55051	4.81039	6.93599e-310
5	91.9234	14.696	4.52096	6.93599e-310
5	119.509	4.09156	4.78339	6.93599e-310
5	57.9934	43.2283	4.06033	6.93599e-310
5	101.575	9.79139	4.6208	6.93599e-310
5	113.351	5.44219	4.73049	6.93599e-310
5	142.885	1.59126	4.96204	6.93599e-310
5	70.5288	29.4454	4.25602	6.93599e-310
5	118.855	4.21237	4.7779	6.93599e-310
5	98.5447	11.2584	4.59051	6.93599e-310
5	124.26	3.33572	4.82238	6.93599e-310
5	114.376	5.18042	4.73949	6.93599e-310
5	69.2013	30.6443	4.23702	6.93599e-310
5	186.799	0.155495	5.23003	6.93599e-310
5	94.2036	13.4844	4.54546	6.93599e-310
5	143.005	1.58345	4.96288	6.93599e-310
5	78.6498	22.8407	4.36501	6.93599e-310
5	187.987	0.145024	5.23637	6.93599e-310
5	141.324	1.6953	4.95106	6.93599e-310
5	145.512	1.42575	4.98026	6.93599e-310
5	87.383	17.2171	4.4703	6.93599e-310
5	78.3398	23.0673	4.36106	6.93599e-310
5	48.3557	60.9552	3.87858	6.93599e-310
5	75.4413	25.287	4.32335	6.93599e-310
5	114.835	5.06853	4.7435	6.93599e-310
5	65.6977	33.9643	4.18506	6.93599e-310
5	176.301	0.285776	5.17219	6.93599e-310
5	72.7765	27.4853	4.28739	6.93599e-310
5	148.891	1.22886	5.00321	6.93599e-310
5	101.622	9.76975	4.62126	6.93599e-310
5	91.7599	14.784	4.51918	6.93599e-310
5	103.944	8.72262	4.64385	6.93599e-310
5	88.5875	16.5305	4.48399	6.93599e-310
5	111.431	5.97941	4.7134	6.93599e-310
5	130.75	2.56499	4.87329	6.93599e-310
5	90.0161	15.7342	4.49999	6.93599e-310
5	80.9525	21.2226	4.39386	6.93599e-310
5	91.432	14.9611	4.5156	6.93599e-310
5	139.274	1.83933	4.93644	6.93599e-310
5	86.6291	17.655	4.46164	6.93599e-310
5	124.48	3.30529	4.82414	6.93599e-310
5	105.535	8.05372	4.65904	6.93599e-310
5	79.4285	22.281	4.37486	6.93599e-310
5	155.633	0.88918	5.0475	6.93599e-310
5	85.5741	18.2799	4.44938	6.93599e-310
5	154.381	0.946695	5.03942	6.93599e-310
5	99.1691	10.9488	4.59683	6.93599e-310
5	127.127	2.96444	4.84519	6.93599e-310
5	200.006	0.0711474	5.29835	6.93599e-310
5	73.7958	26.6274	4.3013	6.93599e-310
5	92.6405	14.3118	4.52873	6.93599e-310
5	83.6225	19.4781	4.42631	6.93599e-310
5	126.316	3.06406	4.83879	6.93599e-310
5	97.5852	11.7401	4.58073	6.93599e-310
5	118.955	4.19354	4.77875	6.93599e-310
5	105.212	8.1859	4.65598	6.93599e-310
5	96.5694	12.257	4.57026	6.93599e-310
5	111.117	6.07325	4.71059	6.93599e-310
5	92.6857	14.2877	4.52921	6.93599e-310
4	164.512	0.840545	5.10298	6.93599e-310
4	106.746	8.87258	4.67045	6.93599e-310
4	84.3122	19.4798	4.43453	6.93599e-310
4	94.7906	13.825	4.55167	6.93599e-310
4	118.498	5.40432	4.7749	6.93599e-310
4	85.1662	18.9625	4.4446	6.93599e-310
4	128.728	3.49648	4.8577	6.93599e-310
4	110.895	7.47184	4.70859	6.93599e-310
4	65.6804	33.9103	4.1848	6.93599e-310
4	131.522	3.10753	4.87917	6.93599e-310
4	112.49	6.9847	4.72286	6.93599e-310
4	106.856	8.83307	4.67148	6.93599e-310
4	78.0572	23.4532	4.35744	6.93599e-310
4	114.766	6.33944	4.74289	6.93599e-310
4	96.6389	12.9723	4.57098	6.93599e-310
4	78.9711	22.8661	4.36908	6.93599e-310
4	69.9489	29.6927	4.24776	6.93599e-310
4	85.2682	18.9013	4.4458	6.93599e-310
4	103.647	10.0334	4.64099	6.93599e-310
4	116.207	5.96093	4.75537	6.93599e-310
4	61.4749	39.659	4.11863	6.93599e-310
4	59.764	45.1719	4.0904	6.93599e-310
4	110.616	7.55998	4.70607	6.93599e-310
4	74.9129	25.4415	4.31633	6.93599e-310
4	94.8821	13.7819	4.55264	6.93599e-310
4	156.409	1.138	5.05248	6.93599e-310
4	73.9468	26.0421	4.30335	6.93599e-310
4	70.3264	29.3197	4.25315	6.93599e-310
4	78.4893	23.1759	4.36296	6.93599e-310
4	117.022	5.75656	4.76236	6.93599e-310
4	120.899	4.87736	4.79496	6.93599e-310
4	90.3631	16.0325	4.50384	6.93599e-310
4	84.1536	19.5769	4.43264	6.93599e-310
4	105.938	9.16649	4.66285	6.93599e-310
4	107.167	8.72196	4.67439	6.93599e-310
4	101.167	11.0245	4.61677	6.93599e-310
4	102.158	10.6225	4.62652	6.93599e-310
4	134.608	2.72991	4.90236	6.93599e-310
4	65.7789	33.8129	4.1863	6.93599e-310
4	54.6123	58.6458	4.00026	6.93599e-310
4	92.4794	14.9464	4.52699	6.93599e-310
4	103.387	10.1349	4.63848	6.93599e-310
4	148.936	1.52015	5.00352	6.93599e-310
4	61.9654	38.3443	4.12658	6.93599e-310
4	81.1673	21.4536	4.39651	6.93599e-310
4	69.5401	30.0965	4.2419	6.93599e-310
4	107.194	8.71242	4.67464	6.93599e-310
4	80.7283	21.735	4.39109	6.93599e-310
4	92.092	15.1408	4.52279	6.93599e-310
4	71.7084	27.9541	4.27261	6.93599e-310
4	118.669	5.36509	4.77634	6.93599e-310
4	101.534	10.8746	4.6204	6.93599e-310
4	123.384	4.38689	4.81531	6.93599e-310
4	104.993	9.51839	4.65389	6.93599e-310
4	59.1217	47.4312	4.0796	6.93599e-310
4	162.989	0.889342	5.09368	6.93599e-310
4	93.0276	14.6745	4.5329	6.93599e-310
4	104.72	9.62145	4.65129	6.93599e-310
4	117.358	5.67446	4.76523	6.93599e-310
4	101.094	11.0546	4.61605	6.93599e-310
4	104.221	9.81201	4.64651	6.93599e-310
4	159.873	0.998782	5.07438	6.93599e-310
4	183.233	0.413194	5.21076	6.93599e-310
4	169.931	0.687774	5.13539	6.93599e-310
4	241.447	0.0542125	5.48665	6.93599e-310
4	75.6982	24.9503	4.32675	6.93599e-310
4	88.0274	17.3022	4.47765	6.93599e-310
4	150.862	1.40919	5.01637	6.93599e-310
4	83.7554	19.822	4.4279	6.93599e-310
4	124.394	4.20233	4.82346	6.93599e-310
4	140.187	2.16522	4.94298	6.93599e-310
4	70.8241	28.8278	4.2602	6.93599e-310
4	110.671	7.54269	4.70656	6.93599e-310
4	103.344	10.1519	4.63806	6.93599e-310
4	125.884	3.94444	4.83536	6.93599e-310
4	89.8074	16.3277	4.49767	6.93599e-310
4	135.096	2.67471	4.90599	6.93599e-310
4	109.66	7.86909	4.69738	6.93599e-310
4	131.331	3.13262	4.87772	6.93599e-310
4	84.8552	19.1498	4.44095	6.93599e-310
4	85.5147	18.7542	4.44869	6.93599e-310
4	97.7509	12.4765	4.58242	6.93599e-310
4	102.707	10.403	4.63188	6.93599e-310
4	77.9236	23.5388	4.35573	6.93599e-310
4	115.762	6.07531	4.75154	6.93599e-310
4	105.828	9.20694	4.66182	6.93599e-310
4	86.6736	18.0733	4.46215	6.93599e-310
4	98.3139	12.23	4.58817	6.93599e-310
4	70.1411	29.5027	4.25051	6.93599e-310
4	90.0349	16.2063	4.5002	6.93599e-310
4	111.392	7.31701	4.71305	6.93599e-310
4	119.785	5.115	4.7857	6.93599e-310
4	87.9553	17.3426	4.47683	6.93599e-310
4	106.952	8.79851	4.67238	6.93599e-310
4	77.1607	24.0259	4.34589	6.93599e-310
4	97.8487	12.4334	4.58342	6.93599e-310
4	89.9559	16.2484	4.49932	6.93599e-310
4	91.8785	15.2488	4.52047	6.93599e-310
4	121.928	4.66774	4.80343	6.93599e-310
4	72.0821	27.5848	4.27781	6.93599e-310
4	95.2191	13.624	4.55618	6.93599e-310
4	119.973	5.07413	4.78727	6.93599e-310
4	79.7641	22.3554	4.37907	6.93599e-310
4	126.367	3.86438	4.83919	6.93599e-310
4	83.1271	20.2124	4.42037	6.93599e-310
4	105.654	9.27143	4.66017	6.93599e-310
4	91.3705	15.5081	4.51492	6.93599e-310
4	120.609	4.93811	4.79256	6.93599e-310
4	69.2952	30.3385	4.23838	6.93599e-310
4	183.394	0.410536	5.21164	6.93599e-310
4	91.8182	15.2794	4.51981	6.93599e-310
4	120.821	4.89359	4.79431	6.93599e-310
4	70.6333	29.0164	4.2575	6.93599e-310
4	101.029	11.0815	4.6154	6.93599e-310
4	65.7696	33.8221	4.18616	6.93599e-310
4	113.47	6.69974	4.73153	6.93599e-310
4	79.7781	22.3464	4.37925	6.93599e-310
4	117.078	5.74293	4.76284	6.93599e-310
4	89.0745	16.7235	4.48947	6.93599e-310
4	78.6062	23.1008	4.36445	6.93599e-310
4	115.117	6.24504	4.74595	6.93599e-310
4	83.3811	20.0541	4.42342	6.93599e-310
4	110.422	7.62195	4.70431	6.93599e-310
4	117.23	5.70553	4.76414	6.93599e-310
4	95.507	13.4901	4.5592	6.93599e-310
4	109.443	7.94048	4.69541	6.93599e-310
4	87.8667	17.3923	4.47582	6.93599e-310
4	74.782	25.523	4.31458	6.93599e-310
4	109.871	7.79988	4.69931	6.93599e-310
4	141.344	2.06466	4.95119	6.93599e-310
4	120.828	4.89215	4.79437	6.93599e-310
4	84.8547	19.1501	4.44094	6.93599e-310
4	113.61	6.65977	4.73277	6.93599e-310
4	92.9848	14.6956	4.53244	6.93599e-310
4	89.6386	16.4182	4.49579	6.93599e-310
4	121.355	4.78331	4.79872	6.93599e-310
4	109.553	7.90413	4.69641	6.93599e-310
4	73.8617	26.0949	4.30219	6.93599e-310
4	89.039	16.7429	4.48907	6.93599e-310
4	106.24	9.05593	4.6657	6.93599e-310
4	103.341	10.1532	4.63803	6.93599e-310
4	125.146	4.0701	4.82948	6.93599e-310
4	71.6457	28.016	4.27173	6.93599e-310
4	69.1315	30.5003	4.23601	6.93599e-310
4	102.002	10.6853	4.62499	6.93599e-310
4	87.8383	17.4083	4.4755	6.93599e-310
4	109.145	8.03981	4.69267	6.93599e-310
4	91.1462	15.6237	4.51246	6.93599e-310
4	88.5868	16.9911	4.48398	6.93599e-310
4	106.458	8.97664	4.66775	6.93599e-310
4	101.644	10.83	4.62148	6.93599e-310
4	135.152	2.66841	4.9064	6.93599e-310
4	139.324	2.24364	4.9368	6.93599e-310
4	88.3032	17.1482	4.48078	6.93599e-310
4	79.8503	22.2999	4.38015	6.93599e-310
4	159.168	1.0255	5.06996	6.93599e-310
4	88.8843	16.8275	4.48734	6.93599e-310
4	98.2018	12.2788	4.58702	6.93599e-310
4	73.1351	26.5455	4.29231	6.93599e-310
4	85.9978	18.4681	4.45432	6.93599e-310
4	69.7922	29.8475	4.24552	6.93599e-310
4	73.819	26.1213	4.30162	6.93599e-310
4	71.3287	28.3293	4.2673	6.93599e-310
4	138.605	2.31137	4.93163	6.93599e-310
4	104.844	9.57456	4.65247	6.93599e-310
4	126.479	3.84619	4.84007	6.93599e-310
4	91.9728	15.201	4.52149	6.93599e-310
4	78.3755	23.249	4.36151	6.93599e-310
4	74.3982	25.7618	4.30943	6.93599e-310
4	93.5054	14.4406	4.53802	6.93599e-310
4	83.9914	19.6765	4.43071	6.93599e-310
4	109.652	7.87162	4.69731	6.93599e-310
4	213.515	0.116617	5.36371	6.93599e-310
4	85.3837	18.8323	4.44716	6.93599e-310
4	79.972	22.2215	4.38168	6.93599e-310
4	118.459	5.41346	4.77457	6.93599e-310
4	86.4492	18.2037	4.45956	6.93599e-310
4	69.1963	30.4362	4.23695	6.93599e-310
4	60.6243	42.2497	4.1047	6.93599e-310
4	139.122	2.26241	4.93535	6.93599e-310
4	132.087	3.03443	4.88346	6.93599e-310
4	90.0615	16.1922	4.50049	6.93599e-310
4	111.561	7.26489	4.71457	6.93599e-310
4	76.7714	24.2732	4.34083	6.93599e-310
4	125.723	3.97157	4.83408	6.93599e-310
4	82.0863	20.8679	4.40777	6.93599e-310
4	60.1858	43.7122	4.09744	6.93599e-310
4	121.35	4.78429	4.79868	6.93599e-310
4	98.0259	12.3557	4.58523	6.93599e-310
4	116.022	6.00814	4.75378	6.93599e-310
4	142.147	1.99787	4.95686	6.93599e-310
4	135.565	2.6228	4.90945	6.93599e-310
4	94.154	14.1275	4.54493	6.93599e-310
4	132.514	2.98052	4.88669	6.93599e-310
4	60.7031	41.9949	4.10599	6.93599e-310
4	78.5611	23.1298	4.36388	6.93599e-310
4	92.4649	14.9536	4.52683	6.93599e-310
4	115.384	6.17427	4.74827	6.93599e-310
4	65.1826	34.4021	4.17719	6.93599e-310
4	139.05	2.26923	4.93483	6.93599e-310
4	107.431	8.62851	4.67685	6.93599e-310
4	108.043	8.41472	4.68253	6.93599e-310
4	88.2158	17.1969	4.47979	6.93599e-310
4	59.7855	45.0967	4.09076	6.93599e-310
4	184.609	0.39099	5.21824	6.93599e-310
4	88.9782	16.7761	4.48839	6.93599e-310
4	141.715	2.0335	4.95382	6.93599e-310
4	87.4071	17.6523	4.47058	6.93599e-310
4	173.132	0.610359	5.15405	6.93599e-310
4	130.668	3.22138	4.87266	6.93599e-310
4	145.952	1.71222	4.98328	6.93599e-310
4	93.7538	14.3201	4.54067	6.93599e-310
4	99.6704	11.648	4.60187	6.93599e-310
4	60.0902	44.0393	4.09585	6.93599e-310
4	78.062	23.4501	4.3575	6.93599e-310
4	110.743	7.51982	4.70721	6.93599e-310
4	69.9578	29.6838	4.24789	6.93599e-310
4	129.259	3.41888	4.86182	6.93599e-310
4	78.4723	23.1869	4.36275	6.93599e-310
4	153.157	1.28893	5.03146	6.93599e-310
4	124.029	4.26818	4.82051	6.93599e-310
4	82.3706	20.6878	4.41123	6.93599e-310
4	96.3872	13.0863	4.56837	6.93599e-310
4	105.849	9.19908	4.66202	6.93599e-310
4	91.6749	15.3523	4.51825	6.93599e-310
4	112.475	6.98903	4.72273	6.93599e-310
4	94.9096	13.769	4.55292	6.93599e-310
4	76.8126	24.2471	4.34137	6.93599e-310
4	80.81	21.6826	4.3921	6.93599e-310
4	120.827	4.89249	4.79436	6.93599e-310
4	90.9218	15.74	4.51	6.93599e-310
4	111.292	7.34792	4.71216	6.93599e-310
4	87.3209	17.7014	4.46959	6.93599e-310
4	84.3754	19.4412	4.43528	6.93599e-310
4	138.413	2.32976	4.93025	6.93599e-310
4	100.462	11.3161	4.60978	6.93599e-310
4	130.083	3.30188	4.86817	6.93599e-310
4	95.1628	13.6503	4.55559	6.93599e-310
4	139.317	2.24425	4.93676	6.93599e-310
4	149.136	1.50818	5.00486	6.93599e-310
4	75.3446	25.1719	4.32207	6.93599e-310
4	106.503	8.96036	4.66817	6.93599e-310
4	82.9593	20.3174	4.41835	6.93599e-310
4	120.403	4.98188	4.79084	6.93599e-310
4	96.4045	13.0785	4.56855	6.93599e-310
4	112.018	7.12567	4.71866	6.93599e-310
4	108.065	8.4072	4.68273	6.93599e-310
4	99.8705	11.5635	4.60387	6.93599e-310
4	109.761	7.83603	4.6983	6.93599e-310
4	95.7268	13.3885	4.5615	6.93599e-310
3	143.361	2.38154	4.96537	6.93599e-310
3	107.641	9.31496	4.6788	6.93599e-310
3	93.9248	15.2199	4.54249	6.93599e-310
3	93.0097	15.6958	4.5327	6.93599e-310
3	120.802	5.79813	4.79415	6.93599e-310
3	77.287	25.1554	4.34753	6.93599e-310
3	134.79	3.37356	4.90372	6.93599e-310
3	145.818	2.15484	4.98236	6.93599e-310
3	64.0488	36.031	4.15965	6.93599e-310
3	112.733	7.76589	4.72503	6.93599e-310
3	105.558	10.0394	4.65926	6.93599e-310
3	122.983	5.34538	4.81204	6.93599e-310
3	82.5889	21.615	4.41388	6.93599e-310
3	111.511	8.11227	4.71412	6.93599e-310
3	97.4291	13.4709	4.57913	6.93599e-310
3	81.7101	22.1675	4.40318	6.93599e-310
3	77.6641	24.8857	4.35239	6.93599e-310
3	87.7219	18.5772	4.47417	6.93599e-310
3	95.3062	14.5156	4.5571	6.93599e-310
3	119.381	6.1096	4.78232	6.93599e-310
3	59.8824	39.7581	4.09238	6.93599e-310
3	69.9311	30.9199	4.24751	6.93599e-310
3	108.63	8.99103	4.68794	6.93599e-310
3	70.9229	30.0967	4.26159	6.93599e-310
3	88.3167	18.2418	4.48093	6.93599e-310
3	112.236	7.90506	4.7206	6.93599e-310
3	79.1133	23.8759	4.37088	6.93599e-310
3	68.7446	31.9215	4.2304	6.93599e-310
3	80.8527	22.7183	4.39263	6.93599e-310
3	108.097	9.16413	4.68303	6.93599e-310
3	111.912	7.99688	4.71771	6.93599e-310
3	89.7846	17.4267	4.49741	6.93599e-310
3	82.645	21.5801	4.41455	6.93599e-310
3	100.605	12.0138	4.6112	6.93599e-310
3	107.694	9.29728	4.6793	6.93599e-310
3	136.639	3.13106	4.91734	6.93599e-310
3	88.9153	17.9073	4.48768	6.93599e-310
3	128.943	4.25398	4.85937	6.93599e-310
3	74.9687	26.8765	4.31707	6.93599e-310
3	77.3413	25.1164	4.34823	6.93599e-310
3	93.0211	15.6899	4.53283	6.93599e-310
3	94.1846	15.0861	4.54526	6.93599e-310
3	132.676	3.67144	4.88791	6.93599e-310
3	68.2144	32.375	4.22266	6.93599e-310
3	87.4301	18.7428	4.47084	6.93599e-310
3	79.6155	23.5358	4.37721	6.93599e-310
3	101.698	11.5463	4.622	6.93599e-310
3	95.6207	14.3578	4.56039	6.93599e-310
3	85.5361	19.8367	4.44894	6.93599e-310
3	80.9747	22.6391	4.39414	6.93599e-310
3	110.787	8.32436	4.70761	6.93599e-310
3	104.254	10.5237	4.64683	6.93599e-310
3	106.234	9.79792	4.66564	6.93599e-310
3	93.6859	15.3435	4.53995	6.93599e-310
3	60.6637	38.9839	4.10535	6.93599e-310
3	182.476	0.544616	5.20662	6.93599e-310
3	99.8962	12.3267	4.60413	6.93599e-310
3	111.639	8.07517	4.71527	6.93599e-310
3	120.427	5.879	4.79104	6.93599e-310
3	84.7211	20.3183	4.43936	6.93599e-310
3	111.834	8.01908	4.71702	6.93599e-310
3	160.893	1.1889	5.08074	6.93599e-310
3	149.701	1.84211	5.00864	6.93599e-310
3	141.749	2.5434	4.95406	6.93599e-310
3	191.893	0.406312	5.25694	6.93599e-310
3	90.1798	17.2102	4.50181	6.93599e-310
3	104.779	10.3256	4.65185	6.93599e-310
3	134.528	3.40922	4.90177	6.93599e-310
3	79.026	23.9355	4.36978	6.93599e-310
3	129.888	4.09948	4.86667	6.93599e-310
3	125.329	4.891	4.83094	6.93599e-310
3	83.8073	20.8671	4.42852	6.93599e-310
3	117.983	6.42955	4.77054	6.93599e-310
3	99.8654	12.3405	4.60382	6.93599e-310
3	123.673	5.20827	4.81764	6.93599e-310
3	83.3852	21.124	4.42347	6.93599e-310
3	131.443	3.85561	4.87857	6.93599e-310
3	96.3201	14.0105	4.56768	6.93599e-310
3	113.883	7.45318	4.73518	6.93599e-310
3	94.6938	14.8256	4.55065	6.93599e-310
3	77.2321	25.195	4.34682	6.93599e-310
3	103.053	10.9919	4.63524	6.93599e-310
3	96.6096	13.8682	4.57068	6.93599e-310
3	80.0024	23.2771	4.38206	6.93599e-310
3	110.622	8.3736	4.70612	6.93599e-310
3	96.464	13.9397	4.56917	6.93599e-310
3	74.9004	26.9287	4.31616	6.93599e-310
3	105.701	9.98778	4.66061	6.93599e-310
3	79.0656	23.9085	4.37028	6.93599e-310
3	96.2632	14.0385	4.56709	6.93599e-310
3	100.811	11.9242	4.61325	6.93599e-310
3	131.69	3.81809	4.88045	6.93599e-310
3	96.4921	13.9258	4.56946	6.93599e-310
3	106.605	9.66789	4.66913	6.93599e-310
3	81.6771	22.1885	4.40277	6.93599e-310
3	82.7695	21.5029	4.41606	6.93599e-310
3	109.44	8.73427	4.69538	6.93599e-310
3	92.7163	15.8499	4.52954	6.93599e-310
3	137.563	3.01606	4.92408	6.93599e-310
3	78.8521	24.0547	4.36757	6.93599e-310
3	109.359	8.75965	4.69464	6.93599e-310
3	114.256	7.3545	4.73844	6.93599e-310
3	83.2559	21.2031	4.42192	6.93599e-310
3	107.161	9.47672	4.67433	6.93599e-310
3	86.9892	18.9945	4.46578	6.93599e-310
3	93.3576	15.5141	4.53644	6.93599e-310
3	102.285	11.3027	4.62776	6.93599e-310
3	120.117	5.94661	4.78846	6.93599e-310
3	72.6539	28.6901	4.28571	6.93599e-310
3	143.591	2.35936	4.96697	6.93599e-310
3	86.1421	19.483	4.456	6.93599e-310
3	138.674	2.88302	4.93212	6.93599e-310
3	70.7368	30.2502	4.25897	6.93599e-310
3	103.516	10.8087	4.63972	6.93599e-310
3	88.1725	18.3228	4.4793	6.93599e-310
3	99.6942	12.4172	4.60211	6.93599e-310
3	81.6665	22.1952	4.40264	6.93599e-310
3	97.3927	13.4884	4.57875	6.93599e-310
3	96.9586	13.6981	4.57428	6.93599e-310
3	95.9167	14.2101	4.56348	6.93599e-310
3	125.315	4.89356	4.83083	6.93599e-310
3	92.6754	15.8714	4.5291	6.93599e-310
3	108.913	8.90035	4.69055	6.93599e-310
3	146.587	2.08865	4.98762	6.93599e-310
3	95.2078	14.5652	4.55606	6.93599e-310
3	121.154	5.72295	4.79706	6.93599e-310
3	92.8068	15.8023	4.53052	6.93599e-310
3	77.1066	25.2855	4.34519	6.93599e-310
3	104.335	10.4925	4.64761	6.93599e-310
3	105.746	9.97131	4.66104	6.93599e-310
3	104.068	10.5946	4.64505	6.93599e-310
3	76.5236	25.7105	4.3376	6.93599e-310
3	128.166	4.38466	4.85333	6.93599e-310
3	100.395	12.1058	4.60911	6.93599e-310
3	102.582	11.1812	4.63066	6.93599e-310
3	135.276	3.30823	4.90732	6.93599e-310
3	108.938	8.8923	4.69078	6.93599e-310
3	70.0447	30.825	4.24913	6.93599e-310
3	89.0875	17.8116	4.48962	6.93599e-310
3	100.904	11.8841	4.61417	6.93599e-310
3	105.436	10.0837	4.6581	6.93599e-310
3	133.03	3.61992	4.89058	6.93599e-310
3	78.7218	24.1445	4.36592	6.93599e-310
3	60.8564	38.8043	4.10852	6.93599e-310
3	123.583	5.22602	4.81691	6.93599e-310
3	85.8431	19.657	4.45252	6.93599e-310
3	103.957	10.6373	4.64398	6.93599e-310
3	103.169	10.9455	4.63637	6.93599e-310
3	110.161	8.51231	4.70195	6.93599e-310
3	122.767	5.38889	4.81028	6.93599e-310
3	83.4201	21.1026	4.42389	6.93599e-310
3	128.665	4.30031	4.85721	6.93599e-310
3	131.213	3.89094	4.87682	6.93599e-310
3	95.4103	14.4632	4.55819	6.93599e-310
3	75.5497	26.4354	4.32479	6.93599e-310
3	131.387	3.8642	4.87815	6.93599e-310
3	89.7418	17.4502	4.49694	6.93599e-310
3	122.575	5.42763	4.80873	6.93599e-310
3	76.208	25.9434	4.33347	6.93599e-310
3	80.9911	22.6285	4.39434	6.93599e-310
3	81.9669	22.0049	4.40632	6.93599e-310
3	87.2495	18.8456	4.46877	6.93599e-310
3	87.945	18.451	4.47671	6.93599e-310
3	118.754	6.2514	4.77705	6.93599e-310
3	104.834	10.3051	4.65238	6.93599e-310
3	126.384	4.69739	4.83932	6.93599e-310
3	88.2015	18.3065	4.47962	6.93599e-310
3	79.9866	23.2876	4.38186	6.93599e-310
3	86.9417	19.0216	4.46524	6.93599e-310
3	99.9604	12.298	4.60477	6.93599e-310
3	91.651	16.415	4.51799	6.93599e-310
3	99.984	12.2876	4.60501	6.93599e-310
3	174.516	0.714688	5.16202	6.93599e-310
3	77.0364	25.3363	4.34428	6.93599e-310
3	81.5002	22.3012	4.40061	6.93599e-310
3	109.868	8.60189	4.69928	6.93599e-310
3	103.802	10.6972	4.64248	6.93599e-310
3	85.9551	19.5917	4.45383	6.93599e-310
3	65.5576	34.6951	4.18293	6.93599e-310
3	111.484	8.12	4.71388	6.93599e-310
3	106.967	9.54311	4.67252	6.93599e-310
3	95.635	14.3506	4.56054	6.93599e-310
3	102.86	11.069	4.63337	6.93599e-310
3	80.7242	22.8019	4.39104	6.93599e-310
3	128.445	4.33732	4.8555	6.93599e-310
3	94.4485	14.9508	4.54806	6.93599e-310
3	74.3783	27.3309	4.30916	6.93599e-310
3	119.537	6.07481	4.78362	6.93599e-310
3	91.2132	16.6499	4.5132	6.93599e-310
3	96.8778	13.7374	4.57345	6.93599e-310
3	131.927	3.78235	4.88225	6.93599e-310
3	130.534	3.99655	4.87164	6.93599e-310
3	100.326	12.136	4.60843	6.93599e-310
3	114.166	7.37821	4.73765	6.93599e-310
3	61.2738	38.4493	4.11535	6.93599e-310
3	103.339	10.8784	4.63801	6.93599e-310
3	100.652	11.9933	4.61167	6.93599e-310
3	103.991	10.6242	4.6443	6.93599e-310
3	68.4823	32.1454	4.22658	6.93599e-310
3	121.026	5.75005	4.79601	6.93599e-310
3	118.328	6.34927	4.77346	6.93599e-310
3	119.343	6.11818	4.782	6.93599e-310
3	86.7543	19.1293	4.46308	6.93599e-310
3	60.6952	38.9526	4.10586	6.93599e-310
3	173.284	0.747283	5.15493	6.93599e-310
3	99.8196	12.361	4.60336	6.93599e-310
3	142.465	2.4702	4.9591	6.93599e-310
3	92.0259	16.2151	4.52207	6.93599e-310
3	146.961	2.05724	4.99017	6.93599e-310
3	132.335	3.72159	4.88533	6.93599e-310
3	137.776	2.99011	4.92563	6.93599e-310
3	96.0748	14.1317	4.56513	6.93599e-310
3	114.4	7.31655	4.7397	6.93599e-310
3	73.5858	27.9499	4.29845	6.93599e-310
3	65.2769	34.9435	4.17864	6.93599e-310
3	128.154	4.38679	4.85323	6.93599e-310
3	67.0871	33.3508	4.20599	6.93599e-310
3	102.015	11.4141	4.62512	6.93599e-310
3	89.8563	17.3873	4.49821	6.93599e-310
3	163.294	1.08506	5.09555	6.93599e-310
3	135.701	3.25209	4.91045	6.93599e-310
3	83.0021	21.3591	4.41887	6.93599e-310
3	123.924	5.15902	4.81967	6.93599e-310
3	103.027	11.002	4.63499	6.93599e-310
3	106.227	9.80017	4.66558	6.93599e-310
3	96.4803	13.9317	4.56934	6.93599e-310
3	96.7511	13.7991	4.57214	6.93599e-310
3	84.1409	20.6656	4.43249	6.93599e-310
3	86.4233	19.32	4.45926	6.93599e-310
3	123.607	5.22116	4.81711	6.93599e-310
3	105.437	10.0831	4.65811	6.93599e-310
3	101.447	11.652	4.61954	6.93599e-310
3	99.9636	12.2966	4.60481	6.93599e-310
3	92.9452	15.7297	4.53201	6.93599e-310
3	124.381	5.07064	4.82335	6.93599e-310
3	100.093	12.2391	4.6061	6.93599e-310
3	106.469	9.7154	4.66785	6.93599e-310
3	101.554	11.6067	4.62059	6.93599e-310
3	129.555	4.15332	4.86411	6.93599e-310
3	137.363	3.04057	4.92263	6.93599e-310
3	82.9108	21.4155	4.41777	6.93599e-310
3	110.334	8.45994	4.70351	6.93599e-310
3	108.176	9.13805	4.68376	6.93599e-310
3	116.381	6.81384	4.75687	6.93599e-310
3	89.7568	17.442	4.4971	6.93599e-310
3	106.601	9.66918	4.6691	6.93599e-310
3	102.943	11.0358	4.63417	6.93599e-310
3	115.893	6.93465	4.75267	6.93599e-310
3	113.737	7.49224	4.73389	6.93599e-310
3	97.8317	13.2787	4.58325	6.93599e-310
2	137.137	3.89479	4.92098	6.93599e-310
2	114.449	8.32607	4.74013	6.93599e-310
2	102.642	11.8707	4.63125	6.93599e-310
2	104.873	11.1346	4.65275	6.93599e-310
2	106.486	10.6249	4.66801	6.93599e-310
2	106.338	10.6709	4.66662	6.93599e-310
2	130.972	4.80281	4.87498	6.93599e-310
2	152.585	2.11593	5.02772	6.93599e-310
2	79.7828	24.4725	4.37931	6.93599e-310
2	120.273	6.8708	4.78976	6.93599e-310
2	104.462	11.2676	4.64882	6.93599e-310
2	111.626	9.10288	4.71516	6.93599e-310
2	89.3786	17.6212	4.49288	6.93599e-310
2	114.133	8.41075	4.73737	6.93599e-310
2	104.597	11.2237	4.65012	6.93599e-310
2	86.969	19.1194	4.46555	6.93599e-310
2	88.153	18.3635	4.47907	6.93599e-310
2	93.9744	15.2235	4.54302	6.93599e-310
2	113.311	8.63428	4.73013	6.93599e-310
2	124.309	5.99928	4.82277	6.93599e-310
2	66.7771	33.8378	4.20136	6.93599e-310
2	71.6292	31.1391	4.2715	6.93599e-310
2	126.039	5.6613	4.83659	6.93599e-310
2	84.8211	20.5821	4.44054	6.93599e-310
2	84.6811	20.6815	4.43889	6.93599e-310
2	102.789	11.821	4.63268	6.93599e-310
2	81.2805	23.2487	4.39791	6.93599e-310
2	67.6755	33.4422	4.21472	6.93599e-310
2	84.7859	20.607	4.44013	6.93599e-310
2	95.807	14.4206	4.56234	6.93599e-310
2	115.121	8.14732	4.74598	6.93599e-310
2	78.7624	25.3331	4.36644	6.93599e-310
2	91.6889	16.3402	4.5184	6.93599e-310
2	109.63	9.67683	4.69711	6.93599e-310
2	89.963	17.2823	4.4994	6.93599e-310
2	161.756	1.44967	5.08609	6.93599e-310
2	109.892	9.60037	4.6995	6.93599e-310
2	123.022	6.26446	4.81236	6.93599e-310
2	84.6819	20.6809	4.4389	6.93599e-310
2	80.1861	24.1378	4.38435	6.93599e-310
2	94.319	15.0669	4.54668	6.93599e-310
2	89.9354	17.2981	4.49909	6.93599e-310
2	102.371	11.9629	4.6286	6.93599e-310
2	85.6059	20.0343	4.44975	6.93599e-310
2	104.345	11.3056	4.6477	6.93599e-310
2	100.663	12.557	4.61178	6.93599e-310
2	83.7491	21.3553	4.42783	6.93599e-310
2	97.5258	13.725	4.58012	6.93599e-310
2	81.6613	22.9463	4.40258	6.93599e-310
2	91.3552	16.5155	4.51476	6.93599e-310
2	105.129	11.0527	4.65518	6.93599e-310
2	101.179	12.3747	4.61689	6.93599e-310
2	106.553	10.6039	4.66864	6.93599e-310
2	84.1805	21.0407	4.43296	6.93599e-310
2	77.0125	26.8367	4.34397	6.93599e-310
2	141.291	3.34824	4.95082	6.93599e-310
2	107.693	10.2542	4.67928	6.93599e-310
2	113.958	8.4582	4.73583	6.93599e-310
2	140.832	3.40654	4.94757	6.93599e-310
2	85.8799	19.8467	4.45295	6.93599e-310
2	116.503	7.78814	4.75792	6.93599e-310
2	123.425	6.18015	4.81563	6.93599e-310
2	132.742	4.52691	4.88841	6.93599e-310
2	128.308	5.24834	4.85444	6.93599e-310
2	155.793	1.84954	5.04853	6.93599e-310
2	111.291	9.19775	4.71215	6.93599e-310
2	120.111	6.90807	4.78842	6.93599e-310
2	103.261	11.6626	4.63726	6.93599e-310
2	81.3081	23.2266	4.39825	6.93599e-310
2	110.855	9.32232	4.70822	6.93599e-310
2	118.2	7.3633	4.77238	6.93599e-310
2	89.2974	17.669	4.49197	6.93599e-310
2	112.335	8.90377	4.72149	6.93599e-310
2	111.186	9.22768	4.71121	6.93599e-310
2	115.978	7.92319	4.7534	6.93599e-310
2	112.802	8.77416	4.72564	6.93599e-310
2	108.255	10.0845	4.68449	6.93599e-310
2	110.056	9.55273	4.70099	6.93599e-310
2	118.514	7.28688	4.77503	6.93599e-310
2	92.9805	15.6918	4.53239	6.93599e-310
2	82.4637	22.3214	4.41236	6.93599e-310
2	91.6469	16.3621	4.51794	6.93599e-310
2	78.8545	25.2548	4.3676	6.93599e-310
2	91.097	16.6534	4.51192	6.93599e-310
2	85.6891	19.9771	4.45073	6.93599e-310
2	98.8102	13.2332	4.5932	6.93599e-310
2	110.684	9.37136	4.70668	6.93599e-310
2	109.296	9.7751	4.69406	6.93599e-310
2	88.2096	18.3283	4.47972	6.93599e-310
2	88.3296	18.2539	4.48108	6.93599e-310
2	92.1482	16.1042	4.5234	6.93599e-310
2	134.652	4.244	4.90269	6.93599e-310
2	97.1701	13.8651	4.57646	6.93599e-310
2	104.585	11.2276	4.65	6.93599e-310
2	98.8729	13.2097	4.59384	6.93599e-310
2	68.9201	32.8142	4.23295	6.93599e-310
2	82.7213	22.1244	4.41548	6.93599e-310
2	89.3332	17.6479	4.49237	6.93599e-310
2	129.793	4.99512	4.86594	6.93599e-310
2	101.007	12.4352	4.61519	6.93599e-310
2	91.9323	16.2144	4.52105	6.93599e-310
2	103.684	11.5221	4.64135	6.93599e-310
2	79.8777	24.3934	4.3805	6.93599e-310
2	116.435	7.80554	4.75733	6.93599e-310
2	96.9912	13.9363	4.57462	6.93599e-310
2	85.5145	20.0973	4.44869	6.93599e-310
2	112.357	8.89771	4.72168	6.93599e-310
2	95.6468	14.488	4.56066	6.93599e-310
2	82.3281	22.4259	4.41071	6.93599e-310
2	135.706	4.09356	4.91049	6.93599e-310
2	85.2166	20.3041	4.4452	6.93599e-310
2	119.344	7.08772	4.78201	6.93599e-310
2	91.8312	16.2664	4.51995	6.93599e-310
2	92.009	16.1751	4.52189	6.93599e-310
2	87.4903	18.782	4.47153	6.93599e-310
2	98.6606	13.2894	4.59169	6.93599e-310
2	80.0959	24.2124	4.38322	6.93599e-310
2	93.4709	15.4576	4.53765	6.93599e-310
2	107.915	10.187	4.68134	6.93599e-310
2	102.996	11.7513	4.63469	6.93599e-310
2	98.2517	13.4445	4.58753	6.93599e-310
2	102.296	11.9884	4.62787	6.93599e-310
2	91.2756	16.5578	4.51388	6.93599e-310
2	142.348	3.21585	4.95828	6.93599e-310
2	106.384	10.6566	4.66705	6.93599e-310
2	113.722	8.52204	4.73376	6.93599e-310
2	92.6947	15.8312	4.52931	6.93599e-310
2	85.5219	20.0922	4.44877	6.93599e-310
2	88.2505	18.3029	4.48018	6.93599e-310
2	106.588	10.5932	4.66897	6.93599e-310
2	97.3028	13.8127	4.57783	6.93599e-310
2	92.6054	15.8753	4.52835	6.93599e-310
2	111.409	9.16447	4.7132	6.93599e-310
2	94.0542	15.187	4.54387	6.93599e-310
2	117.528	7.52949	4.76667	6.93599e-310
2	95.3866	14.5986	4.55794	6.93599e-310
2	96.6878	14.0581	4.57149	6.93599e-310
2	74.3703	29.0655	4.30906	6.93599e-310
2	114.635	8.27635	4.74175	6.93599e-310
2	105.411	10.9626	4.65787	6.93599e-310
2	88.1979	18.3356	4.47958	6.93599e-310
2	134.14	4.31852	4.89888	6.93599e-310
2	85.3105	20.2387	4.4463	6.93599e-310
2	59.1897	40.5662	4.08075	6.93599e-310
2	112.758	8.78633	4.72525	6.93599e-310
2	76.2518	27.4903	4.33404	6.93599e-310
2	86.2992	19.5631	4.45782	6.93599e-310
2	85.6808	19.9828	4.45063	6.93599e-310
2	100.866	12.4851	4.61379	6.93599e-310
2	150.895	2.27176	5.01658	6.93599e-310
2	84.8572	20.5566	4.44097	6.93599e-310
2	121.629	6.56491	4.80097	6.93599e-310
2	95.5137	14.5444	4.55927	6.93599e-310
2	93.7835	15.3115	4.54099	6.93599e-310
2	85.6001	20.0383	4.44969	6.93599e-310
2	139.445	3.58582	4.93767	6.93599e-310
2	85.5378	20.0812	4.44896	6.93599e-310
2	104.37	11.2973	4.64795	6.93599e-310
2	77.9629	26.0178	4.35623	6.93599e-310
2	79.8666	24.4026	4.38036	6.93599e-310
2	96.5226	14.1251	4.56978	6.93599e-310
2	86.4943	19.4327	4.46008	6.93599e-310
2	89.0973	17.7878	4.48973	6.93599e-310
2	105.966	10.7873	4.66312	6.93599e-310
2	96.4193	14.1672	4.56871	6.93599e-310
2	127.893	5.32145	4.85119	6.93599e-310
2	91.2564	16.568	4.51367	6.93599e-310
2	77.3689	26.5295	4.34859	6.93599e-310
2	99.6599	12.9187	4.60176	6.93599e-310
2	86.9282	19.1461	4.46508	6.93599e-310
2	112.252	8.92708	4.72075	6.93599e-310
2	97.9659	13.5541	4.58462	6.93599e-310
2	158.158	1.67675	5.0636	6.93599e-310
2	83.637	21.4379	4.42649	6.93599e-310
2	80.294	24.0489	4.38569	6.93599e-310
2	98.2176	13.4575	4.58719	6.93599e-310
2	99.9363	12.818	4.60453	6.93599e-310
2	84.799	20.5978	4.44028	6.93599e-310
2	81.5868	23.0051	4.40167	6.93599e-310
2	123.681	6.12717	4.81771	6.93599e-310
2	109.281	9.77944	4.69392	6.93599e-310
2	85.6252	20.021	4.44998	6.93599e-310
2	94.0313	15.1975	4.54363	6.93599e-310
2	85.5446	20.0765	4.44904	6.93599e-310
2	137.988	3.77934	4.92717	6.93599e-310
2	85.2982	20.2472	4.44615	6.93599e-310
2	77.1118	26.7511	4.34526	6.93599e-310
2	129.619	5.02419	4.8646	6.93599e-310
2	87.8191	18.5729	4.47528	6.93599e-310
2	86.4985	19.4299	4.46013	6.93599e-310
2	89.9444	17.2929	4.49919	6.93599e-310
2	133.603	4.39763	4.89487	6.93599e-310
2	107.551	10.2971	4.67797	6.93599e-310
2	103.733	11.5062	4.64182	6.93599e-310
2	73.1447	30.0333	4.29244	6.93599e-310
2	106.25	10.6983	4.66579	6.93599e-310
2	115.06	8.16334	4.74546	6.93599e-310
2	89.0632	17.8082	4.48935	6.93599e-310
2	77.8768	26.0919	4.35513	6.93599e-310
2	126.229	5.62544	4.8381	6.93599e-310
2	124.855	5.89041	4.82715	6.93599e-310
2	120.609	6.79371	4.79255	6.93599e-310
2	82.2633	22.4759	4.40992	6.93599e-310
2	74.5807	28.8939	4.31188	6.93599e-310
2	142.967	3.13978	4.96261	6.93599e-310
2	115.209	8.12399	4.74675	6.93599e-310
2	135.951	4.0591	4.9123	6.93599e-310
2	110.894	9.31097	4.70858	6.93599e-310
2	114.019	8.44166	4.73636	6.93599e-310
2	121.265	6.64571	4.79798	6.93599e-310
2	112.788	8.77809	4.72551	6.93599e-310
2	99.4538	12.9943	4.59969	6.93599e-310
2	123.725	6.1182	4.81806	6.93599e-310
2	79.3634	24.824	4.37404	6.93599e-310
2	74.1017	29.2824	4.30544	6.93599e-310
2	154.327	1.96656	5.03908	6.93599e-310
2	86.0888	19.7048	4.45538	6.93599e-310
2	89.5768	17.5051	4.4951	6.93599e-310
2	89.0531	17.8142	4.48923	6.93599e-310
2	143.681	3.05323	4.9676	6.93599e-310
2	134.55	4.25884	4.90193	6.93599e-310
2	101.537	12.2498	4.62042	6.93599e-310
2	106.353	10.6661	4.66677	6.93599e-310
2	118.32	7.33413	4.77339	6.93599e-310
2	90.0186	17.2506	4.50002	6.93599e-310
2	107.941	10.1792	4.68158	6.93599e-310
2	85.4065	20.1721	4.44742	6.93599e-310
2	79.6457	24.5871	4.37759	6.93599e-310
2	93.0586	15.654	4.53323	6.93599e-310
2	106.772	10.536	4.6707	6.93599e-310
2	86.0427	19.736	4.45484	6.93599e-310
2	108.077	10.1381	4.68284	6.93599e-310
2	88.1539	18.3629	4.47908	6.93599e-310
2	74.8484	28.6736	4.31546	6.93599e-310
2	118.171	7.37057	4.77213	6.93599e-310
2	82.9209	21.9729	4.41789	6.93599e-310
2	108.29	10.0741	4.68481	6.93599e-310
2	97.6658	13.6704	4.58155	6.93599e-310
2	116.628	7.75631	4.75899	6.93599e-310
2	104.428	11.2784	4.6485	6.93599e-310
2	93.5193	15.4348	4.53817	6.93599e-310
2	129.704	5.01004	4.86525	6.93599e-310
2	93.2785	15.5487	4.53559	6.93599e-310
2	120.254	6.87499	4.78961	6.93599e-310
2	81.0555	23.4291	4.39513	6.93599e-310
2	112.823	8.76843	4.72582	6.93599e-310
2	94.829	14.8401	4.55208	6.93599e-310
2	114.034	8.43747	4.7365	6.93599e-310
2	89.5474	17.5223	4.49477	6.93599e-310
2	108.308	10.0685	4.68498	6.93599e-310
1	115.821	8.28707	4.75204	5.13348e-317
1	117.324	7.89745	4.76494	5.13269e-317
1	90.6386	18.1491	4.50688	5.13307e-317
1	114.635	8.60978	4.74175	5.1328e-317
1	97.953	15.0447	4.58449	6.93599e-310
1	89.4474	18.6174	4.49365	6.93599e-310
1	111.435	9.55015	4.71344	6.93599e-310
1	129.21	5.47108	4.86144	6.93599e-310
1	95.2977	16.2627	4.55701	6.93599e-310
1	104.509	12.0022	4.64927	6.93599e-310
1	102.636	12.7998	4.63119	6.93599e-310
1	109.671	10.1153	4.69748	6.93599e-310
1	85.9004	20.0393	4.45319	6.93599e-310
1	92.415	17.4479	4.52629	6.93599e-310
1	120.042	7.24466	4.78784	6.93599e-310
1	80.82	22.4216	4.39222	6.93599e-310
1	96.9082	15.5411	4.57376	6.93599e-310
1	96.4443	15.7546	4.56897	6.93599e-310
1	114.014	8.78403	4.73632	6.93599e-310
1	111.204	9.62215	4.71137	6.93599e-310
1	74.5839	27.3301	4.31192	6.93599e-310
1	90.089	18.3651	4.5008	6.93599e-310
1	107.097	11.0071	4.67374	6.93599e-310
1	85.7028	20.1214	4.45089	6.93599e-310
1	88.1495	19.1303	4.47903	6.93599e-310
1	93.3281	17.0822	4.53612	6.93599e-310
1	93.6767	16.9408	4.53985	6.93599e-310
1	77.5307	24.6084	4.35067	5.18916e-317
1	96.6106	15.6786	4.57069	6.93599e-310
1	91.1574	17.945	4.51259	6.93599e-310
1	118.721	7.55377	4.77677	6.93599e-310
1	79.3618	23.2968	4.37402	6.93599e-310
1	102.793	12.7303	4.63271	6.93599e-310
1	105.64	11.5536	4.66003	6.93599e-310
1	91.6372	17.756	4.51784	6.93599e-310
1	117.661	7.81288	4.76781	6.93599e-310
1	128.514	5.58543	4.85604	6.93599e-310
1	112.756	9.1493	4.72522	6.93599e-310
1	92.2398	17.5175	4.52439	6.93599e-310
1	90.113	18.3556	4.50106	6.93599e-310
1	97.2202	15.395	4.57698	6.93599e-310
1	93.1551	17.1519	4.53427	6.93599e-310
1	101.864	13.1498	4.62364	6.93599e-310
1	106.173	11.3496	4.66507	6.93599e-310
1	111.674	9.47632	4.71558	6.93599e-310
1	93.3196	17.0856	4.53603	6.93599e-310
1	94.9539	16.41	4.55339	6.93599e-310
1	95.1675	16.3187	4.55564	6.93599e-310
1	85.6594	20.1394	4.45038	6.93599e-310
1	101.396	13.3677	4.61903	6.93599e-310
1	113.608	8.90008	4.73276	6.93599e-310
1	103.404	12.4641	4.63864	6.93599e-310
1	103.197	12.5531	4.63664	6.93599e-310
1	87.0554	19.568	4.46654	6.93599e-310
1	74.7084	27.2002	4.31359	6.93599e-310
1	131.901	5.0561	4.88205	6.93599e-310
1	95.661	16.1047	4.56081	6.93599e-310
1	113.557	8.91498	4.7323	6.93599e-310
1	120.98	7.03411	4.79563	6.93599e-310
1	94.1607	16.7422	4.545	6.93599e-310
1	98.979	14.5425	4.59491	6.93599e-310
1	113.285	8.99367	4.72991	6.93599e-310
1	117.858	7.76403	4.76948	6.93599e-310
1	114.747	8.57858	4.74273	6.93599e-310
1	120.018	7.25022	4.78764	6.93599e-310
1	107.106	11.0039	4.67382	6.93599e-310
1	102.581	12.8244	4.63065	6.93599e-310
1	92.1948	17.5354	4.5239	6.93599e-310
1	75.6363	26.2704	4.32594	6.93599e-310
1	118.958	7.4972	4.77877	6.93599e-310
1	116.313	8.15709	4.75629	6.93599e-310
1	123.256	6.55283	4.81426	6.93599e-310
1	122	6.81344	4.80402	6.93599e-310
1	100.913	13.5968	4.61426	6.93599e-310
1	132.164	5.01778	4.88404	6.93599e-310
1	107.731	10.7794	4.67963	6.93599e-310
1	100.148	13.967	4.60665	6.93599e-310
1	117.901	7.75317	4.76985	6.93599e-310
1	120.038	7.24546	4.78781	6.93599e-310
1	95.9944	15.9573	4.56429	6.93599e-310
1	104.184	12.1356	4.64615	6.93599e-310
1	90.6583	18.1413	4.5071	6.93599e-310
1	81.2275	22.1983	4.39725	6.93599e-310
1	96.6906	15.6418	4.57152	6.93599e-310
1	97.5782	15.225	4.58065	6.93599e-310
1	96.4886	15.7344	4.56942	6.93599e-310
1	100.349	13.8695	4.60865	6.93599e-310
1	122.066	6.79935	4.80456	6.93599e-310
1	109.307	10.2361	4.69416	6.93599e-310
1	91.5407	17.794	4.51678	6.93599e-310
1	90.7072	18.1221	4.50764	6.93599e-310
1	122.773	6.65168	4.81033	6.93599e-310
1	105.905	11.4515	4.66254	6.93599e-310
1	104.773	11.8954	4.65179	6.93599e-310
1	94.2977	16.6856	4.54646	6.93599e-310
1	85.6865	20.1281	4.4507	6.93599e-310
1	93.6823	16.9385	4.53991	6.93599e-310
1	89.3213	18.667	4.49224	6.93599e-310
1	119.965	7.26231	4.7872	6.93599e-310
1	90.9182	18.0391	4.50996	6.93599e-310
1	94.4123	16.6379	4.54767	6.93599e-310
1	117.245	7.91722	4.76427	6.93599e-310
1	92.4094	17.4502	4.52623	6.93599e-310
1	100.184	13.9498	4.60701	6.93599e-310
1	93.8107	16.8861	4.54128	6.93599e-310
1	86.0169	19.9912	4.45454	6.93599e-310
1	116.29	8.1632	4.75609	6.93599e-310
1	100.602	13.7464	4.61118	6.93599e-310
1	87.2048	19.5078	4.46826	6.93599e-310
1	110.43	9.8678	4.70438	6.93599e-310
1	87.8439	19.2519	4.47556	6.93599e-310
1	107.596	10.8272	4.67839	6.93599e-310
1	99.897	14.0902	4.60414	6.93599e-310
1	93.6827	16.9383	4.53991	6.93599e-310
1	90.1001	18.3607	4.50092	6.93599e-310
1	93.0707	17.1859	4.53336	6.93599e-310
1	87.4571	19.4065	4.47115	6.93599e-310
1	99.8722	14.1024	4.60389	6.93599e-310
1	89.8171	18.472	4.49777	6.93599e-310
1	107.285	10.9391	4.67549	6.93599e-310
1	102.666	12.7862	4.63148	6.93599e-310
1	100.447	13.8214	4.60963	6.93599e-310
1	84.0844	20.8146	4.43182	6.93599e-310
1	102.648	12.7943	4.63131	6.93599e-310
1	106.401	11.2639	4.66722	6.93599e-310
1	111.356	9.57473	4.71273	6.93599e-310
1	92.9613	17.2298	4.53218	6.93599e-310
1	85.126	20.3636	4.44413	6.93599e-310
1	92.7144	17.3286	4.52952	6.93599e-310
1	99.9487	14.0648	4.60466	6.93599e-310
1	93.8826	16.8567	4.54205	6.93599e-310
1	101.417	13.358	4.61924	6.93599e-310
1	99.904	14.0868	4.60421	6.93599e-310
1	95.3414	16.2438	4.55746	6.93599e-310
1	110.508	9.84279	4.70509	6.93599e-310
1	103.741	12.3203	4.6419	6.93599e-310
1	100.605	13.7451	4.6112	6.93599e-310
1	85.2244	20.3219	4.44529	6.93599e-310
1	120.706	7.09498	4.79335	6.93599e-310
1	112.297	9.28636	4.72115	6.93599e-310
1	88.003	19.1885	4.47737	6.93599e-310
1	120.374	7.16929	4.7906	6.93599e-310
1	101.863	13.1503	4.62363	6.93599e-310
1	72.5404	29.5921	4.28414	6.93599e-310
1	108.225	10.6055	4.68421	6.93599e-310
1	88.4176	19.0239	4.48207	6.93599e-310
1	95.6234	16.1212	4.56042	6.93599e-310
1	88.9344	18.8195	4.4879	6.93599e-310
1	85.9124	20.0344	4.45333	6.93599e-310
1	121.068	7.01487	4.79635	6.93599e-310
1	78.3655	23.9772	4.36138	6.93599e-310
1	122.383	6.73259	4.80716	6.93599e-310
1	90.537	18.189	4.50576	6.93599e-310
1	88.7475	18.8934	4.4858	6.93599e-310
1	93.2579	17.1106	4.53537	6.93599e-310
1	112.492	9.22793	4.72288	6.93599e-310
1	86.5557	19.7704	4.46079	6.93599e-310
1	103.229	12.5395	4.63695	6.93599e-310
1	79.9394	22.9346	4.38127	6.93599e-310
1	84.3979	20.6767	4.43554	6.93599e-310
1	102.028	13.0744	4.62524	6.93599e-310
1	94.6587	16.5348	4.55028	6.93599e-310
1	106.164	11.353	4.66499	6.93599e-310
1	115.819	8.28768	4.75202	6.93599e-310
1	99.2027	14.4321	4.59717	6.93599e-310
1	118.144	7.69355	4.7719	6.93599e-310
1	101.853	13.1546	4.62353	6.93599e-310
1	102.701	12.7708	4.63182	6.93599e-310
1	90.2094	18.3177	4.50213	6.93599e-310
1	98.9319	14.5657	4.59443	6.93599e-310
1	112.231	9.30638	4.72056	6.93599e-310
1	100.536	13.7785	4.61052	6.93599e-310
1	115.923	8.25981	4.75293	6.93599e-310
1	79.631	23.1252	4.3774	6.93599e-310
1	75.373	26.5269	4.32245	6.93599e-310
1	96.6449	15.6629	4.57104	6.93599e-310
1	106.393	11.2671	4.66714	6.93599e-310
1	114.045	8.77536	4.73659	6.93599e-310
1	82.4639	21.5658	4.41236	6.93599e-310
1	112.496	9.22659	4.72292	6.93599e-310
1	115.768	8.30111	4.75159	6.93599e-310
1	86.1893	19.9203	4.45655	6.93599e-310
1	105.595	11.5708	4.65961	6.93599e-310
1	83.4518	21.0994	4.42427	6.93599e-310
1	129.161	5.47906	4.86106	6.93599e-310
1	94.4398	16.6264	4.54796	6.93599e-310
1	87.5085	19.3859	4.47174	6.93599e-310
1	106.71	11.149	4.67011	6.93599e-310
1	76.5042	25.4685	4.33735	6.93599e-310
1	94.4471	16.6234	4.54804	6.93599e-310
1	107.66	10.8044	4.67898	6.93599e-310
1	91.2925	17.8919	4.51407	6.93599e-310
1	101.262	13.4309	4.61771	6.93599e-310
1	88.0237	19.1803	4.47761	6.93599e-310
1	96.1325	15.8955	4.56573	6.93599e-310
1	103.859	12.271	4.64303	6.93599e-310
1	122.678	6.67128	4.80956	6.93599e-310
1	92.1891	17.5377	4.52384	6.93599e-310
1	75.3389	26.5606	4.322	6.93599e-310
1	136.685	4.41477	4.91768	6.93599e-310
1	127.62	5.73683	4.84906	6.93599e-310
1	131.163	5.16574	4.87644	6.93599e-310
1	91.7113	17.7267	4.51865	6.93599e-310
1	88.6862	18.9176	4.4851	6.93599e-310
1	119.564	7.3547	4.78385	6.93599e-310
1	92.0748	17.583	4.5226	6.93599e-310
1	129.73	5.38757	4.86546	6.93599e-310
1	101.072	13.5212	4.61583	6.93599e-310
1	106.618	11.1831	4.66925	6.93599e-310
1	137.911	4.26824	4.92661	6.93599e-310
1	100.084	13.9983	4.60601	6.93599e-310
1	108.126	10.64	4.6833	6.93599e-310
1	114.85	8.55028	4.74362	6.93599e-310
1	92.0174	17.6057	4.52198	6.93599e-310
1	96.685	15.6444	4.57146	6.93599e-310
1	120.475	7.14667	4.79144	6.93599e-310
1	91.3978	17.8504	4.51522	6.93599e-310
1	105.038	11.7893	4.65432	6.93599e-310
1	95.9826	15.9625	4.56417	6.93599e-310
1	107.18	10.9771	4.67451	6.93599e-310
1	107.516	10.8558	4.67764	6.93599e-310
1	105.893	11.456	4.66243	6.93599e-310
1	100.89	13.6079	4.61403	6.93599e-310
1	113.484	8.93601	4.73166	6.93599e-310
1	109.194	10.2742	4.69312	6.93599e-310
1	107.079	11.0138	4.67356	6.93599e-310
1	99.0114	14.5265	4.59523	6.93599e-310
1	92.7512	17.3139	4.52992	6.93599e-310
1	92.5243	17.4045	4.52747	6.93599e-310
1	118.237	7.67077	4.77269	6.93599e-310
1	90.4062	18.2404	4.50431	6.93599e-310
1	113.351	8.97454	4.73049	6.93599e-310
1	96.7772	15.6019	4.57241	6.93599e-310
1	89.4019	18.6353	4.49314	6.93599e-310
1	102.521	12.851	4.63007	6.93599e-310
1	98.0622	14.9917	4.5856	6.93599e-310
1	119.635	7.33823	4.78445	6.93599e-310
1	83.4083	21.1193	4.42375	6.93599e-310
1	112.909	9.10393	4.72658	6.93599e-310
1	85.6544	20.1415	4.45032	6.93599e-310
1	96.1363	15.8938	4.56577	6.93599e-310
1	104.556	11.9831	4.64972	6.93599e-310
1	94.6991	16.5178	4.5507	6.93599e-310
1	105.181	11.7328	4.65568	6.93599e-310
1	93.1288	17.1625	4.53398	6.93599e-310
1	94.0656	16.7815	4.54399	6.93599e-310
1	98.0305	15.0071	4.58528	6.93599e-310
1	98.2024	14.9236	4.58703	6.93599e-310
1	98.8487	14.6067	4.59359	6.93599e-310
1	108.639	10.4627	4.68803	6.93599e-310
